Run semi-empirical minimization
 &qmmm
    qm_theory='AM1', grms_tol=0.0005,
 scfconv=1.d-10, ndiis_attempts=700,   qmcharge=0,
 /
  16    SG        2.2270        1.1230        0.0440 
   8     O       -1.3650        1.1720        0.9120 
   8   OXT       -1.1770        0.4960       -1.2450 
   7     N       -0.4350       -1.9830        0.1590 
   6    CA        0.1260       -0.6590        0.4340 
   6    CB        1.4920       -0.5190       -0.2400 
   6     C       -0.8690        0.3720       -0.0650 
   1    HA        0.2370       -0.5510        1.5200 
   1   HB1        2.1890       -1.2700        0.1480 
   1   HB2        1.4160       -0.6630       -1.3230 
   1    H1       -1.2940       -2.1080        0.6950 
   1    H2        0.2090       -2.7020        0.4860 
   1    HG        1.3390        1.8240       -0.6760 
   1     H       -1.9920        1.8370        0.5570 

