Run semi-empirical minimization
 &qmmm
    qm_theory='AM1', grms_tol=0.0005,
 scfconv=1.d-10, ndiis_attempts=700,   qmcharge=0,
 /
   8     O       -0.4590        2.7180        0.0000 
   8    O1       -2.4700       -1.5250       -0.0000 
   7     N       -0.1460       -1.4090        0.0000 
   7    N1       -1.4930        0.6040       -0.0000 
   7    N2        2.1380        1.2470       -0.0000 
   7    N3        2.2770       -0.9780        0.0000 
   6     C        0.9680       -0.5800       -0.0000 
   6    C1        0.8540        0.7840       -0.0010 
   6    C2       -0.3850        1.4930       -0.0010 
   6    C3       -1.4420       -0.8370       -0.0000 
   6    C4        0.0270       -2.8570        0.0000 
   6    C5       -2.8290        1.1900        0.0010 
   6    C6        2.9590        0.1490        0.0010 
   1     H        2.4320        2.2150        0.0000 
   1    H1        0.5850       -3.1480       -0.8950 
   1    H2       -0.9350       -3.3750        0.0010 
   1    H3        0.5850       -3.1480        0.8950 
   1    H4       -2.8040        2.2830        0.0010 
   1    H5       -3.3650        0.8410        0.8890 
   1    H6       -3.3670        0.8410       -0.8860 
   1    H7        4.0360        0.2410        0.0010 

