Run semi-empirical minimization
 &qmmm
    qm_theory='AM1', grms_tol=0.0005,
 scfconv=1.d-10, ndiis_attempts=700,   qmcharge=0,
 /
   8   O4*        1.6020       -0.1760       -0.9950 
   8   O3*        3.8150        1.6190        0.1250 
   8   O5*        2.3210       -2.8550       -0.6010 
   8    O2       -1.1690        2.8170       -0.3790 
   8    O4       -4.3540       -0.4440        0.2280 
   7    N1       -0.4500        0.6040       -0.1850 
   7    N3       -2.7470        1.1810       -0.0750 
   6   C3*        3.0350        0.5910        0.7310 
   6   C1*        0.9440        0.9090       -0.3250 
   6   C2*        1.6420        1.1060        1.0110 
   6   C4*        2.7930       -0.5330       -0.2670 
   6   C5*        2.5460       -1.8780        0.4030 
   6    C6       -0.8230       -0.7220       -0.0080 
   6    C2       -1.4270        1.6210       -0.2250 
   6    C5       -2.0870       -1.1400        0.1350 
   6    C4       -3.1740       -0.1270        0.1030 
   6   C5M       -2.4670       -2.5740        0.3250 
   1   H3*        3.5640        0.2620        1.6310 
   1   H1*        1.0680        1.8010       -0.9510 
   1  H2*1        1.1740        0.4980        1.7940 
   1  H2*2        1.6070        2.1520        1.3310 
   1   H4*        3.6020       -0.6190       -1.0010 
   1  H5*1        1.6940       -1.8680        1.0870 
   1  H5*2        3.4320       -2.1780        0.9730 
   1    H6       -0.0420       -1.4640        0.0070 
   1    H7        3.8970        2.3410        0.7720 
   1    H3       -3.4680        1.8960       -0.1010 
   1   H5*        2.1810       -3.7040       -0.1470 
   1  H5M1       -2.9920       -2.7070        1.2760 
   1  H5M2       -1.5920       -3.2320        0.3330 
   1  H5M3       -3.1240       -2.9050       -0.4850 

