Run semi-empirical minimization
 &qmmm
    qm_theory='AM1', grms_tol=0.0005,
 scfconv=1.d-10, ndiis_attempts=700,   qmcharge=0,
 /
   8     O        1.1030       -1.2860        1.2670 
   8   OXT        1.5540       -1.0510       -0.9430 
   7     N        1.7310        1.7540        0.0120 
   6    CG       -1.8020        0.1910       -0.4090 
   6    CB       -0.5640        1.0790       -0.6490 
   6    CA        0.6250        0.8410        0.2950 
   6   CD1       -2.3420        0.3180        1.0160 
   6   CD2       -1.4510       -1.2720       -0.6980 
   6     C        1.1460       -0.5750        0.1090 
   1    HG       -2.5820        0.5080       -1.1110 
   1   HB1       -0.2440        0.9570       -1.6940 
   1   HB2       -0.8800        2.1270       -0.5530 
   1    HA        0.3270        0.9880        1.3370 
   1  HD11       -1.6490       -0.0800        1.7630 
   1  HD12       -2.5450        1.3660        1.2610 
   1  HD13       -3.2830       -0.2350        1.1150 
   1  HD21       -0.8590       -1.3870       -1.6110 
   1  HD22       -0.9910       -1.7960        0.1400 
   1  HD23       -2.3870       -1.8170       -0.8820 
   1    H1        1.4150        2.7160        0.1370 
   1    H2        1.9990        1.6790       -0.9690 
   1     H        1.4350       -2.2010        1.1460 

