Run semi-empirical minimization
 &qmmm
    qm_theory='AM1', grms_tol=0.0005,
 scfconv=1.d-10, ndiis_attempts=700,   qmcharge=0,
 /
  16     S       -0.0020        1.6160        0.0000 
   8     O       -0.0240        2.3470       -1.2590 
   8    O1        0.0600        2.3460        1.2600 
   8    O2       -4.7900       -1.8260        0.0050 
   8    O3        4.7800       -1.8340       -0.0050 
   6     C       -1.4200        0.5970        0.0010 
   6    C1        1.4350        0.5790       -0.0010 
   6    C2       -1.9860        0.1900        1.2100 
   6    C3        1.9790        0.1870       -1.2090 
   6    C4       -1.9880        0.1900       -1.2070 
   6    C5        1.9810        0.1860        1.2070 
   6    C6       -3.1180       -0.6250        1.2110 
   6    C7        3.1100       -0.6290       -1.2110 
   6    C8       -3.1200       -0.6250       -1.2050 
   6    C9        3.1120       -0.6300        1.2050 
   6   C10       -3.6850       -1.0320        0.0030 
   6   C11        3.6760       -1.0380       -0.0030 
   1     H       -1.5560        0.4900        2.1610 
   1    H1        1.5470        0.4890       -2.1590 
   1    H2       -1.5610        0.4870       -2.1600 
   1    H3        1.5520        0.4840        2.1580 
   1    H4       -3.5530       -0.9400        2.1550 
   1    H5        3.5390       -0.9420       -2.1590 
   1    H6       -3.5520       -0.9370       -2.1530 
   1    H7        3.5480       -0.9470        2.1490 
   1    H8       -5.0470       -2.0100       -0.9150 
   1    H9        5.0350       -2.0180       -0.9250 

