Run semi-empirical minimization
 &qmmm
    qm_theory='AM1', grms_tol=0.0005,
 scfconv=1.d-10, ndiis_attempts=700,   qmcharge=0,
 /
   8     O        4.7040        1.7340       -0.1080 
   8    O1       -4.6730        1.7600        0.1080 
   6     C        0.0070       -1.3900       -0.0000 
   6    C1        1.2480       -0.5640       -0.0290 
   6    C2       -1.2910       -0.5160        0.0290 
   6    C3       -0.1390       -2.3590        1.2340 
   6    C4        0.0270       -2.3630       -1.2320 
   6    C5        1.4700        0.3250       -1.0800 
   6    C6       -1.4470        0.3330        1.0800 
   6    C7        2.1870       -0.6810        0.9960 
   6    C8       -2.1700       -0.6690       -0.9970 
   6    C9        2.6320        1.0970       -1.1070 
   6   C10       -2.6040        1.1110        1.1060 
   6   C11        3.3490        0.0910        0.9700 
   6   C12       -3.3260        0.1100       -0.9700 
   6   C13        3.5710        0.9810       -0.0820 
   6   C14       -3.5440        1.0000        0.0810 
   1     H        0.6710       -3.0980        1.2560 
   1    H1       -0.1300       -1.8290        2.1930 
   1    H2       -1.0830       -2.9170        1.1870 
   1    H3        0.9350       -2.9800       -1.2090 
   1    H4       -0.8220       -3.0580       -1.2280 
   1    H5        0.0420       -1.8360       -2.1930 
   1    H6        0.7520        0.4370       -1.8880 
   1    H7       -0.7220        0.4340        1.8790 
   1    H8        2.0640       -1.3570        1.8350 
   1    H9       -2.0560       -1.3370       -1.8390 
   1   H10        2.7930        1.7870       -1.9310 
   1   H11       -2.7610        1.8020        1.9300 
   1   H12        4.0770       -0.0040        1.7700 
   1   H13       -4.0550        0.0200       -1.7720 
   1   H14        4.6930        2.2920       -0.9050 
   1   H15       -4.6590        2.3170        0.9050 

