Run semi-empirical minimization
 &qmmm
    qm_theory='AM1', grms_tol=0.0005,
 scfconv=1.d-10, ndiis_attempts=700,   qmcharge=0,
 /
   8     O        2.1620       -0.9510       -0.1120 
   8   OXT        1.5690        1.2160       -0.4950 
   7     N       -0.7810        0.9310        0.7770 
   6    CA        0.0830       -0.2480        0.7250 
   6    CB       -0.7240       -1.3170       -0.0030 
   6    CG       -1.9890       -0.6110       -0.4750 
   6    CD       -1.6500        0.8640       -0.3930 
   6     C        1.3290        0.1150       -0.0240 
   1    HA        0.3620       -0.5520        1.7390 
   1   HB1       -0.9870       -2.1430        0.6670 
   1   HB2       -0.1920       -1.7410       -0.8620 
   1   HG1       -2.2800       -0.9160       -1.4850 
   1   HG2       -2.8190       -0.8490        0.2020 
   1   HD1       -1.1200        1.1930       -1.2940 
   1   HD2       -2.5420        1.4830       -0.2690 
   1     H       -0.2510        1.8000        0.8020 
   1    H1        2.9840       -0.7340       -0.6010 

