Run semi-empirical minimization
 &qmmm
    qm_theory='AM1', grms_tol=0.0005,
 scfconv=1.d-10, ndiis_attempts=700,   qmcharge=0,
 /
   8     O       -1.0830       -1.5380       -0.3660 
   8    O1       -3.5750       -2.7560       -0.5620 
   8    O2        4.9780       -0.8560       -0.5230 
   7     N       -3.5770        0.7580        0.6080 
   7    N1        6.2520        0.9130        0.2040 
   6     C       -3.7960       -0.3850       -0.2690 
   6    C1       -3.3600       -1.7000        0.3790 
   6    C2       -3.9470        2.0010       -0.0540 
   6    C3       -1.8900       -1.7110        0.7950 
   6    C4       -3.7520        3.1670        0.9100 
   6    C5       -3.1200        2.1930       -1.3220 
   6    C6        0.1140       -0.8950       -0.1920 
   6    C7        2.5460        0.4090        0.1580 
   6    C8        0.6500       -0.1460       -1.2340 
   6    C9        0.7820       -0.9980        1.0230 
   6   C10        1.8700        0.5080       -1.0580 
   6   C11        2.0020       -0.3440        1.1980 
   6   C12        3.8490        1.1090        0.3460 
   6   C13        5.0570        0.2710       -0.0400 
   1     H       -3.2480       -0.3030       -1.2130 
   1    H1       -4.8580       -0.4580       -0.5400 
   1    H2       -3.9800       -1.9100        1.2590 
   1    H3       -5.0100        1.9760       -0.3260 
   1    H4       -4.1170        0.6420        1.4640 
   1    H5       -1.7290       -0.9300        1.5470 
   1    H6       -1.6440       -2.6870        1.2300 
   1    H7       -4.3600        3.0390        1.8130 
   1    H8       -4.0510        4.1120        0.4420 
   1    H9       -2.7040        3.2620        1.2180 
   1   H10       -3.2260        3.2200       -1.6920 
   1   H11       -2.0520        2.0240       -1.1420 
   1   H12       -3.4470        1.5440       -2.1400 
   1   H13       -4.5220       -2.7640       -0.7810 
   1   H14        0.1270       -0.0660       -2.1820 
   1   H15        0.4100       -1.6000        1.8470 
   1   H16        2.2840        1.0900       -1.8780 
   1   H17        2.5230       -0.4360        2.1480 
   1   H18        3.9610        1.4170        1.3940 
   1   H19        3.8690        2.0330       -0.2460 
   1   H20        7.1380        0.4670       -0.0090 
   1   H21        6.2940        1.8460        0.6020 

