Run semi-empirical minimization
 &qmmm
    qm_theory='AM1', grms_tol=0.0005,
 scfconv=1.d-10, ndiis_attempts=700,   qmcharge=0,
 /
   8     O       -0.6680        1.1590        0.2570 
   8    O1       -0.8870       -2.4480       -0.3390 
   8    O2        1.8620       -2.0690        0.4700 
   8    O3        2.8610        0.5410       -0.4620 
   8    O4        1.1220        2.6550        0.2570 
   8    O5       -3.3740        0.9720       -0.1860 
   6     C       -0.3730       -1.2470        0.2300 
   6    C1        1.0860       -1.0710       -0.1940 
   6    C2       -1.2210       -0.0620       -0.2370 
   6    C3        1.6080        0.3150        0.1840 
   6    C4        0.6390        1.4130       -0.2530 
   6    C5       -2.6550       -0.1580        0.2740 
   1     H       -0.4250       -1.3520        1.3210 
   1    H1        1.2070       -1.2490       -1.2700 
   1    H2       -1.2550       -0.0100       -1.3340 
   1    H3        1.7950        0.3600        1.2640 
   1    H4        0.5970        1.5140       -1.3440 
   1    H5       -2.6920       -0.1530        1.3690 
   1    H6       -3.1560       -1.0580       -0.0920 
   1    H7       -0.8510       -2.3610       -1.3070 
   1    H8        1.4970       -2.9360        0.2200 
   1    H9        2.7160        0.4990       -1.4230 
   1   H10        1.4880        2.5030        1.1450 
   1   H11       -2.9190        1.7650        0.1440 

