Run semi-empirical minimization
 &qmmm
    qm_theory='AM1', grms_tol=0.0005,
 scfconv=1.d-10, ndiis_attempts=700,   qmcharge=0,
 /
   8     O        0.4700        2.5690        0.0010 
   8    O1       -3.1270       -0.4440       -0.0000 
   7     N       -0.9690       -1.3120        0.0000 
   7    N1        2.2180        0.1410       -0.0000 
   7    N2       -1.3480        1.0800       -0.0000 
   7    N3        1.4120       -1.9370        0.0000 
   6     C        0.8580        0.2590       -0.0010 
   6    C1        0.3900       -1.0260       -0.0000 
   6    C2        0.0310        1.4220       -0.0010 
   6    C3       -1.9060       -0.2490       -0.0000 
   6    C4        2.5030       -1.2000        0.0000 
   6    C5       -1.4280       -2.6960        0.0010 
   6    C6        3.1930        1.2060        0.0000 
   6    C7       -2.2970        2.1880        0.0010 
   1     H        3.5160       -1.5790        0.0010 
   1    H1       -1.0450       -3.1970       -0.8940 
   1    H2       -2.5190       -2.7600        0.0010 
   1    H3       -1.0450       -3.1960        0.8960 
   1    H4        4.1990        0.7800        0.0000 
   1    H5        3.0470        1.8090       -0.8990 
   1    H6        3.0470        1.8080        0.9000 
   1    H7       -1.8090        3.1650       -0.0000 
   1    H8       -2.9320        2.1030        0.8880 
   1    H9       -2.9350        2.1020       -0.8850 

