Run semi-empirical minimization
 &qmmm
    qm_theory='AM1', grms_tol=0.0005,
 scfconv=1.d-10, ndiis_attempts=700,   qmcharge=0,
 /
   8     O        4.2050       -2.4800        0.2880 
   8    O1       -1.6050        1.7490        1.7880 
   8    O2        2.1010       -2.1840       -0.4980 
   6     C        3.3680       -0.2160        0.2000 
   6    C1        2.1960        0.6220       -0.1860 
   6    C2        0.9730        0.4540        0.4630 
   6    C3       -0.0870        1.2420        0.0820 
   6    C4        2.3240        1.5740       -1.1980 
   6    C5        3.8090       -0.0360        1.6670 
   6    C6        0.0050        2.1890       -0.9110 
   6    C7        1.2280        2.3570       -1.5600 
   6    C8       -1.3980        1.0620        0.7770 
   6    C9        3.1360       -1.7110       -0.0490 
   6   C10       -2.4080        0.1270        0.3070 
   6   C11       -2.1690       -0.6430       -0.8320 
   6   C12       -3.6150       -0.0000        0.9940 
   6   C13       -3.1370       -1.5400       -1.2820 
   6   C14       -4.5830       -0.8980        0.5430 
   6   C15       -4.3440       -1.6680       -0.5950 
   1     H        4.2200        0.0560       -0.4370 
   1    H1        0.8580       -0.2820        1.2540 
   1    H2        3.2690        1.7180       -1.7140 
   1    H3        3.9470        1.0250        1.9020 
   1    H4        3.0700       -0.4440        2.3650 
   1    H5        4.7590       -0.5450        1.8620 
   1    H6       -0.8450        2.8010       -1.1960 
   1    H7        1.3270        3.0990       -2.3480 
   1    H8       -1.2440       -0.5770       -1.3960 
   1    H9       -3.8260        0.5880        1.8840 
   1   H10       -2.9510       -2.1400       -2.1690 
   1   H11       -5.5230       -0.9970        1.0790 
   1   H12       -5.0980       -2.3660       -0.9460 
   1   H13        4.0360       -3.4320        0.1260 

