Run semi-empirical minimization
 &qmmm
    qm_theory='AM1', grms_tol=0.0005,
 scfconv=1.d-10, ndiis_attempts=700,   qmcharge=0,
 /
   8     O        7.9590        0.2880        1.3190 
   6     C       -0.5030        0.2290       -0.8790 
   6    C1        0.2460       -1.0010       -0.3280 
   6    C2        1.7620       -0.9340       -0.5430 
   6    C3        2.3260        0.3500        0.1320 
   6    C4       -1.9550       -0.1990       -0.5550 
   6    C5       -0.0050        1.4570       -0.1050 
   6    C6        3.8850        0.4860       -0.0960 
   6    C7       -0.5260       -2.1840       -0.9030 
   6    C8        1.5180        1.6260       -0.2340 
   6    C9       -1.9880       -1.6990       -0.9330 
   6   C10        2.4480       -2.1800        0.0350 
   6   C11       -3.0650        0.6040       -1.2170 
   6   C12       -0.3130        0.4520       -2.4010 
   6   C13        4.5890       -0.8600        0.1300 
   6   C14        4.4380        1.5270        0.9230 
   6   C15        3.9270       -2.0280        0.1980 
   6   C16        4.2050        0.9570       -1.5350 
   6   C17        6.0920       -0.8350        0.2870 
   6   C18        5.9630        1.5710        1.0140 
   6   C19       -4.4430        0.0260       -0.8280 
   6   C20        6.5380        0.1940        1.3220 
   6   C21       -2.9380        2.0840       -0.8450 
   6   C22       -4.6870       -0.0150        0.6850 
   6   C23       -6.0730       -0.5790        1.0800 
   6   C24       -7.2650        0.1090        0.3560 
   6   C25       -6.1960       -0.5520        2.6110 
   6   C26       -8.6100       -0.5180        0.7430 
   6   C27       -7.3280        1.6250        0.5660 
   1     H        0.0880       -1.0380        0.7630 
   1    H1        1.9750       -0.9070       -1.6170 
   1    H2        2.1720        0.2110        1.2140 
   1    H3       -2.0560       -0.1290        0.5360 
   1    H4       -0.2590        1.3660        0.9590 
   1    H5       -0.4490        2.3890       -0.4540 
   1    H6       -0.4180       -3.0820       -0.2870 
   1    H7       -0.1860       -2.4330       -1.9140 
   1    H8        1.7420        1.9420       -1.2580 
   1    H9        1.8230        2.4540        0.4150 
   1   H10       -2.4050       -1.8670       -1.9320 
   1   H11       -2.5970       -2.2660       -0.2210 
   1   H12        2.2540       -3.0340       -0.6250 
   1   H13        2.0260       -2.4350        1.0150 
   1   H14       -2.9980        0.5260       -2.3100 
   1   H15       -0.7950        1.3760       -2.7340 
   1   H16        0.7390        0.5370       -2.6840 
   1   H17       -0.7320       -0.3640       -2.9970 
   1   H18        4.0480        1.3030        1.9250 
   1   H19        4.0810        2.5330        0.6720 
   1   H20        4.4780       -2.9470        0.3820 
   1   H21        3.7400        0.3110       -2.2870 
   1   H22        3.8610        1.9800       -1.7120 
   1   H23        5.2800        0.9590       -1.7430 
   1   H24        6.4840       -1.8190        0.5750 
   1   H25        6.5600       -0.6190       -0.6820 
   1   H26        6.3940        1.9630        0.0840 
   1   H27        6.2670        2.2790        1.7950 
   1   H28       -5.2020        0.6440       -1.3200 
   1   H29       -4.5630       -0.9820       -1.2420 
   1   H30        6.2250       -0.1190        2.3260 
   1   H31       -3.8860        2.6020       -1.0340 
   1   H32       -2.2050        2.5980       -1.4700 
   1   H33       -2.6990        2.2350        0.2120 
   1   H34       -3.9410       -0.6530        1.1710 
   1   H35       -4.5650        0.9870        1.1120 
   1   H36       -6.0840       -1.6370        0.7800 
   1   H37        8.3110       -0.5960        1.5210 
   1   H38       -7.1550       -0.0700       -0.7200 
   1   H39       -7.1010       -1.0620        2.9520 
   1   H40       -6.2100        0.4720        2.9980 
   1   H41       -5.3470       -1.0680        3.0740 
   1   H42       -8.5790       -1.6070        0.6350 
   1   H43       -9.4070       -0.1440        0.0910 
   1   H44       -8.8920       -0.2790        1.7730 
   1   H45       -8.1640        2.0540        0.0020 
   1   H46       -7.4770        1.8810        1.6200 
   1   H47       -6.4180        2.1220        0.2200 

