Run semi-empirical minimization
 &qmmm
    qm_theory='AM1', grms_tol=0.0005,
 scfconv=1.d-10, ndiis_attempts=700,   qmcharge=0,
 /
   7     N       -1.1990       -1.4000        0.0000 
   7    N1       -2.0750        0.6500        0.0000 
   7    N2        0.0340        1.8590       -0.0000 
   7    N3        2.0000        0.4150        0.0000 
   7    N4        1.8240       -1.9760        0.0000 
   6     C       -0.1360       -0.5420        0.0000 
   6    C1       -0.7060        0.7240        0.0000 
   6    C2        1.2360       -0.7000        0.0000 
   6    C3       -2.3390       -0.6390        0.0000 
   6    C4        1.3610        1.6090        0.0000 
   1     H       -1.1570       -2.4100       -0.0000 
   1    H1       -3.3220       -1.0860       -0.0000 
   1    H2        2.0030        2.4830       -0.0000 
   1    H3        2.8320       -2.0530        0.0000 
   1    H4        1.2500       -2.8080        0.0000 

