Run semi-empirical minimization
 &qmmm
    qm_theory='AM1', grms_tol=0.0005,
 scfconv=1.d-10, ndiis_attempts=700,   qmcharge=0,
 /
   8     O        7.5000        1.5830       -0.3200 
   6     C       -0.8180       -1.1080       -0.2030 
   6    C1       -0.1190       -0.4370        0.9960 
   6    C2        1.4070       -0.5650        0.9580 
   6    C3        1.9480        0.0600       -0.3610 
   6    C4       -2.2920       -0.8440        0.1890 
   6    C5       -0.3510       -0.3840       -1.4730 
   6    C6        3.5190       -0.0820       -0.4670 
   6    C7       -0.8720       -0.9820        2.2060 
   6    C8        1.1800       -0.4330       -1.6190 
   6    C9       -2.3230       -1.1290        1.7090 
   6   C10        2.0420        0.1300        2.1710 
   6   C11       -3.3510       -1.6210       -0.5810 
   6   C12       -0.5360       -2.6260       -0.3280 
   6   C13        4.1900        0.2690        0.8690 
   6   C14        4.0250        0.9000       -1.5650 
   6   C15        3.5100        0.3710        2.0240 
   6   C16        3.9300       -1.5260       -0.8430 
   6   C17        5.6820        0.5130        0.8480 
   6   C18        5.5420        1.0790       -1.6010 
   6   C19       -4.7870       -1.2760       -0.1340 
   6   C20        6.0800        1.5070       -0.2400 
   6   C21       -3.2110       -1.3510       -2.0840 
   6   C22       -5.1860        0.2030       -0.2340 
   6   C23       -6.5950        0.4920        0.2930 
   6   C24       -7.0210        1.9640        0.1270 
   6   C25       -6.9610        2.4320       -1.3280 
   6   C26       -6.1320        2.8610        0.9920 
   1     H       -0.3420        0.6430        0.9620 
   1    H1        1.6830       -1.6250        1.0010 
   1    H2        1.7290        1.1380       -0.2920 
   1    H3       -2.4680        0.2320        0.0540 
   1    H4       -0.6680        0.6670       -1.4520 
   1    H5       -0.7590       -0.8150       -2.3870 
   1    H6       -0.8130       -0.3060        3.0650 
   1    H7       -0.4760       -1.9540        2.5210 
   1    H8        1.4680       -1.4580       -1.8670 
   1    H9        1.4580        0.1810       -2.4830 
   1   H10       -2.6870       -2.1380        1.9350 
   1   H11       -2.9830       -0.4200        2.2200 
   1   H12        1.8750       -0.4860        3.0640 
   1   H13        1.5600        1.0970        2.3600 
   1   H14       -3.2280       -2.6990       -0.4180 
   1   H15       -0.9840       -3.0470       -1.2330 
   1   H16        0.5320       -2.8510       -0.3830 
   1   H17       -0.9300       -3.1940        0.5200 
   1   H18        3.5740        1.8900       -1.4090 
   1   H19        3.6970        0.5660       -2.5570 
   1   H20        4.0370        0.6440        2.9340 
   1   H21        3.6100       -1.7870       -1.8570 
   1   H22        5.0150       -1.6690       -0.8220 
   1   H23        3.5010       -2.2630       -0.1550 
   1   H24        6.0430        0.8850        1.8160 
   1   H25        6.2090       -0.4370        0.6980 
   1   H26        6.0330        0.1540       -1.9290 
   1   H27        5.8090        1.8310       -2.3530 
   1   H28       -5.4970       -1.8730       -0.7220 
   1   H29       -4.9220       -1.6030        0.9040 
   1   H30        5.7050        2.5080        0.0050 
   1   H31       -3.0370       -0.2940       -2.3070 
   1   H32       -4.1280       -1.6410       -2.6110 
   1   H33       -2.4270       -1.9620       -2.5340 
   1   H34       -4.4750        0.8060        0.3360 
   1   H35       -5.1070        0.5080       -1.2820 
   1   H36        7.8280        1.8600        0.5520 
   1   H37       -6.6570        0.2080        1.3510 
   1   H38       -7.3120       -0.1420       -0.2430 
   1   H39       -8.0560        2.0550        0.4800 
   1   H40       -7.5100        1.7460       -1.9820 
   1   H41       -7.4210        3.4220       -1.4250 
   1   H42       -5.9350        2.5170       -1.6990 
   1   H43       -6.1070        2.5090        2.0290 
   1   H44       -6.5260        3.8840        1.0010 
   1   H45       -5.1040        2.9160        0.6210 

