Run semi-empirical minimization
 &qmmm
    qm_theory='AM1', grms_tol=0.0005,
 scfconv=1.d-10, ndiis_attempts=700,   qmcharge=0,
 /
   8     O        1.7320        1.0710       -1.2230 
   8   OXT        2.2590        0.4780        0.9010 
   7     N        0.6280       -1.6110        0.9260 
   6    CB       -0.8500       -0.1970       -0.5110 
   6    CA        0.5600       -0.8010       -0.2930 
   6   CG1       -1.3280        0.7160        0.6420 
   6   CG2       -1.8910       -1.2950       -0.7790 
   6   CD1       -2.7050        1.3370        0.4490 
   6     C        1.5950        0.3010       -0.1120 
   1    HB       -0.8060        0.4240       -1.4170 
   1    HA        0.8580       -1.4200       -1.1470 
   1  HG11       -0.6100        1.5340        0.7760 
   1  HG12       -1.3470        0.1600        1.5870 
   1  HG21       -1.5240       -1.9960       -1.5370 
   1  HG22       -2.1190       -1.8650        0.1270 
   1  HG23       -2.8260       -0.8740       -1.1630 
   1  HD11       -2.7680        1.8590       -0.5120 
   1  HD12       -2.9030        2.0650        1.2420 
   1  HD13       -3.4980        0.5850        0.4910 
   1    H1        0.4730       -1.0330        1.7500 
   1    H2        1.5630       -2.0060        1.0260 
   1     H        2.4080        1.7710       -1.1010 

