Run semi-empirical minimization
 &qmmm
    qm_theory='AM1', grms_tol=0.0005,
 scfconv=1.d-10, ndiis_attempts=700,   qmcharge=0,
 /
   8     O       -1.7730       -1.6310       -0.9930 
   8    OH        4.2180       -0.6350       -0.3950 
   8   OXT       -3.4800       -1.1580        0.4230 
   7     N       -3.2390        1.4950       -0.2350 
   6    CB       -1.0490        1.0210        0.7630 
   6    CA       -2.0480        0.6550       -0.3460 
   6    CG        0.3620        0.5770        0.4530 
   6   CD1        0.7800       -0.6800        0.8550 
   6   CD2        1.2080        1.4370       -0.2280 
   6     C       -2.5200       -0.7850       -0.2380 
   6   CE1        2.0830       -1.0890        0.5690 
   6   CE2        2.5100        1.0280       -0.5140 
   6    CZ        2.9480       -0.2350       -0.1160 
   1   HB1       -1.3630        0.5950        1.7260 
   1   HB2       -1.0320        2.1090        0.9190 
   1    HA       -1.6250        0.8140       -1.3450 
   1   HD1        0.1160       -1.3510        1.3910 
   1   HD2        0.8750        2.4220       -0.5440 
   1    H1       -2.9780        2.4740       -0.3490 
   1    H2       -3.6300        1.4190        0.7040 
   1   HE1        2.4110       -2.0750        0.8850 
   1   HE2        3.1790        1.6970       -1.0480 
   1     H       -2.0910       -2.5570       -0.9280 
   1    HH        4.3490       -1.5340       -0.0470 

