Run semi-empirical minimization
 &qmmm
    qm_theory='AM1', grms_tol=0.0005,
 scfconv=1.d-10, ndiis_attempts=700,   qmcharge=0,
 /
   8     O       -1.5450       -1.4730       -0.2630 
   8   OXT       -1.7310        0.3760        1.0300 
   7     N       -0.2560        1.7670       -0.8570 
   6    CB        1.3800        0.0130       -0.2310 
   6    CA       -0.0460        0.3240       -0.7450 
   6   CG1        1.7320       -1.4770       -0.1630 
   6   CG2        1.6520        0.6840        1.1200 
   6     C       -1.1860       -0.2140        0.1080 
   1    HB        2.0840        0.4570       -0.9500 
   1    HA       -0.1590       -0.0970       -1.7520 
   1  HG11        1.5570       -1.9580       -1.1300 
   1  HG12        1.1290       -1.9950        0.5910 
   1  HG13        2.7870       -1.6170        0.0970 
   1  HG21        0.9890        0.2970        1.9010 
   1  HG22        2.6820        0.4930        1.4400 
   1  HG23        1.5290        1.7700        1.0720 
   1    H1       -1.1410        1.9510       -1.3280 
   1    H2        0.4680        2.1740       -1.4480 
   1     H       -2.2750       -1.8230        0.2910 

