Run semi-empirical minimization
 &qmmm
    qm_theory='AM1', grms_tol=0.0005,
 scfconv=1.d-10, ndiis_attempts=700,   qmcharge=0,
 /
   8     O        3.2480       -2.2010       -0.0370 
   6     C       -1.9560        0.0340        0.1890 
   6    C1       -3.3170       -0.0600       -0.5060 
   6    C2       -0.7720       -0.0540       -0.7800 
   6    C3       -4.4630        0.0570        0.5030 
   6    C4        0.5870        0.1140       -0.0920 
   6    C5       -5.8230        0.0030       -0.1970 
   6    C6        1.7660        0.0130       -1.0680 
   6    C7       -7.0060        0.0840        0.7700 
   6    C8        3.1140        0.1630       -0.4100 
   6    C9       -8.3590        0.1020        0.0750 
   6   C10        3.7830       -0.9530        0.0710 
   6   C11        3.6650        1.4320       -0.2990 
   6   C12        5.0300       -0.7960        0.6780 
   6   C13        4.9110        1.5880        0.3070 
   6   C14        5.5930        0.4740        0.7960 
   1     H       -1.8970        0.9820        0.7380 
   1    H1       -1.8710       -0.7680        0.9330 
   1    H2       -3.3900       -1.0130       -1.0420 
   1    H3       -3.4000        0.7390       -1.2520 
   1    H4       -0.8800        0.7190       -1.5500 
   1    H5       -0.8010       -1.0220       -1.2950 
   1    H6       -4.3940       -0.7570        1.2350 
   1    H7       -4.3760        1.0000        1.0560 
   1    H8        0.6160        1.0840        0.4190 
   1    H9        0.6920       -0.6510        0.6880 
   1   H10       -5.8990       -0.9270       -0.7750 
   1   H11       -5.8900        0.8280       -0.9160 
   1   H12        1.6580        0.7830       -1.8450 
   1   H13        1.7190       -0.9400       -1.6100 
   1   H14       -6.9130        0.9900        1.3810 
   1   H15       -6.9710       -0.7680        1.4590 
   1   H16       -9.1650        0.1600        0.8120 
   1   H17       -8.5040       -0.8050       -0.5190 
   1   H18       -8.4440        0.9670       -0.5920 
   1   H19        3.1410        2.3070       -0.6730 
   1   H20        5.5730       -1.6550        1.0620 
   1   H21        5.3500        2.5780        0.4000 
   1   H22        6.5640        0.5960        1.2680 
   1   H23        3.8610       -2.8450        0.3560 

