Run semi-empirical minimization
 &qmmm
    qm_theory='AM1', grms_tol=0.0005,
 scfconv=1.d-10, ndiis_attempts=700,   qmcharge=0,
 /
   8     O       -0.6610        1.5960        0.8950 
   8   OD1        2.0100       -0.1570        1.1210 
   8   OXT       -1.9740        0.9720       -0.8430 
   8   OD2        2.2170        0.5660       -1.0220 
   7     N       -1.8030       -1.6940        0.0970 
   6    CA       -0.7470       -0.7450        0.3520 
   6    CB        0.5030       -1.0780       -0.4680 
   6     C       -1.2000        0.6760        0.0590 
   6    CG        1.6560       -0.1350       -0.1910 
   1    HA       -0.5150       -0.8000        1.4220 
   1   HB1        0.2840       -1.0170       -1.5410 
   1   HB2        0.8510       -2.0990       -0.2670 
   1    H1       -2.0700       -1.6720       -0.8870 
   1    H2       -2.6360       -1.4460        0.6290 
   1     H       -0.9650        2.5040        0.6860 
   1   HD1        2.7560        0.4520        1.3080 

