Run semi-empirical minimization
 &qmmm
    qm_theory='AM1', grms_tol=0.0005,
 scfconv=1.d-10, ndiis_attempts=700,   qmcharge=0,
 /
   8     O        7.6720       -0.5790        1.1900 
   6     C       -0.7690        0.7580       -0.6530 
   6    C1       -0.1270       -0.6390       -0.5540 
   6    C2        1.3890       -0.6270       -0.7810 
   6    C3        2.0620        0.3170        0.2570 
   6    C4       -2.2520        0.3650       -0.4420 
   6    C5       -0.1670        1.6230        0.4630 
   6    C6        3.6260        0.3940        0.0390 
   6    C7       -0.9990       -1.5050       -1.4590 
   6    C8        1.3650        1.7030        0.3490 
   6    C9       -2.4130       -0.9210       -1.2850 
   6   C10        1.9680       -2.0450       -0.6600 
   6   C11       -3.2910        1.4260       -0.7740 
   6   C12       -0.5650        1.4500       -2.0240 
   6   C13        4.2130       -1.0030       -0.2060 
   6   C14        4.2690        0.9990        1.3230 
   6   C15        3.4540       -2.0730       -0.5010 
   6   C16        3.9820        1.2820       -1.1780 
   6   C17        5.7130       -1.1510       -0.0950 
   6   C18        5.7920        0.8890        1.3780 
   6   C19       -4.7350        0.9460       -0.5100 
   6   C20        6.2480       -0.5550        1.2040 
   6   C21       -3.0220        2.6950        0.0450 
   6   C22       -5.0510        0.5910        0.9500 
   6   C23       -6.4850        0.1860        1.1520 
   6   C24       -7.0430       -1.0280        0.9840 
   6   C25       -8.5120       -1.2300        1.2480 
   6   C26       -6.3220       -2.2680        0.5390 
   1     H       -0.2850       -1.0170        0.4700 
   1    H1        1.6000       -0.2690       -1.7950 
   1    H2        1.8990       -0.1550        1.2400 
   1    H3       -2.3630        0.0780        0.6130 
   1    H4       -0.4250        1.2100        1.4470 
   1    H5       -0.5280        2.6510        0.4500 
   1    H6       -0.9660       -2.5610       -1.1710 
   1    H7       -0.6830       -1.4360       -2.5060 
   1    H8        1.6130        2.3160       -0.5220 
   1    H9        1.7410        2.2470        1.2230 
   1   H10       -2.8510       -0.7210       -2.2700 
   1   H11       -3.0670       -1.6370       -0.7740 
   1   H12        1.7000       -2.6180       -1.5560 
   1   H13        1.5280       -2.5710        0.1960 
   1   H14       -3.2420        1.6890       -1.8380 
   1   H15       -0.9660        2.4670       -2.0270 
   1   H16        0.4900        1.5370       -2.2970 
   1   H17       -1.0530        0.9080       -2.8410 
   1   H18        3.8640        0.4920        2.2100 
   1   H19        3.9980        2.0570        1.4240 
   1   H20        3.9260       -3.0420       -0.6430 
   1   H21        3.7250        2.3310       -1.0020 
   1   H22        5.0530        1.2660       -1.4060 
   1   H23        3.4620        0.9560       -2.0850 
   1   H24        6.0210       -2.2030       -0.1540 
   1   H25        6.1960       -0.6680       -0.9540 
   1   H26        6.2530        1.5270        0.6140 
   1   H27        6.1570        1.2760        2.3370 
   1   H28       -4.9530        0.0820       -1.1510 
   1   H29       -5.4280        1.7330       -0.8380 
   1   H30        5.9120       -1.1520        2.0610 
   1   H31       -2.7630        2.4790        1.0860 
   1   H32       -2.2460        3.3120       -0.4110 
   1   H33       -3.9130        3.3340        0.0620 
   1   H34       -4.8520        1.4450        1.6060 
   1   H35       -4.4010       -0.2160        1.3030 
   1   H36        7.9480       -1.5050        1.0830 
   1   H37       -7.1320        1.0050        1.4660 
   1   H38       -9.0100       -0.3100        1.5730 
   1   H39       -9.0160       -1.5770        0.3400 
   1   H40       -8.6560       -1.9790        2.0330 
   1   H41       -6.7670       -2.6540       -0.3830 
   1   H42       -5.2610       -2.0930        0.3420 
   1   H43       -6.3910       -3.0430        1.3090 

