Run semi-empirical minimization
 &qmmm
    qm_theory='AM1', grms_tol=0.0005,
 scfconv=1.d-10, ndiis_attempts=700,   qmcharge=0,
 /
   8     O       -0.6720        1.1270        0.0820 
   8    O1       -0.5980       -2.5240       -0.3180 
   8    O2        2.1890       -1.8650        0.0630 
   8    O3        1.8600        0.6420        1.2420 
   8    O4        0.9540        2.7790       -0.2880 
   8    O5       -3.3710        0.6630        0.0690 
   6     C       -0.1410       -1.2570        0.1490 
   6    C1        1.2280       -0.9540       -0.4630 
   6    C2       -1.1580       -0.1780       -0.2480 
   6    C3        1.6510        0.4850       -0.1650 
   6    C4        0.5450        1.4490       -0.5950 
   6    C5       -2.4890       -0.3680        0.4720 
   1     H       -0.0540       -1.3300        1.2400 
   1    H1        1.2000       -1.1110       -1.5480 
   1    H2       -1.3530       -0.2050       -1.3290 
   1    H3        2.6040        0.7230       -0.6480 
   1    H4        0.3770        1.4030       -1.6760 
   1    H5       -2.3690       -0.2990        1.5590 
   1    H6       -2.9470       -1.3310        0.2290 
   1    H7       -0.6810       -2.4750       -1.2850 
   1    H8        1.8730       -2.7640       -0.1290 
   1    H9        0.9950        0.6180        1.6850 
   1   H10        1.4610        2.7560        0.5410 
   1   H11       -2.9530        1.5120        0.2900 

