Run semi-empirical minimization
 &qmmm
    qm_theory='AM1', grms_tol=0.0005,
 scfconv=1.d-10, ndiis_attempts=700,   qmcharge=0,
 /
   8     O       -2.1130       -0.3570        0.0010 
   8    O1       -1.7060        1.9090        0.0000 
   7     N        4.1630       -0.7320       -0.0010 
   6     C        0.1080        0.3620        0.0010 
   6    C1        1.0960        1.3470       -0.0000 
   6    C2        0.4670       -0.9860        0.0010 
   6    C3        2.8020       -0.3650       -0.0000 
   6    C4        2.4430        0.9830       -0.0010 
   6    C5        1.8140       -1.3490        0.0010 
   6    C6       -1.2960        0.7410        0.0010 
   6    C7       -3.5240       -0.1130       -0.0010 
   6    C8       -4.2530       -1.4400       -0.0010 
   1     H        0.8380        2.4020       -0.0010 
   1    H1       -0.2680       -1.7870        0.0020 
   1    H2        3.2030        1.7600       -0.0020 
   1    H3        2.0810       -2.4030        0.0010 
   1    H4       -3.7950        0.4600        0.8930 
   1    H5       -3.7930        0.4590       -0.8950 
   1    H6       -5.3370       -1.2900       -0.0020 
   1    H7       -3.9770       -2.0310       -0.8800 
   1    H8       -3.9780       -2.0300        0.8790 
   1    H9        4.4240       -1.7090        0.0000 
   1   H10        4.8800       -0.0180       -0.0010 

