Run semi-empirical minimization
 &qmmm
    qm_theory='AM1', grms_tol=0.0005,
 scfconv=1.d-10, ndiis_attempts=700,   qmcharge=0,
 /
   8   OG1       -1.7110       -1.1850        0.3580 
   8     O        0.9760       -1.6810        0.1310 
   8   OXT        2.0210        0.1500       -0.7010 
   7     N        0.4050        1.8670        0.5740 
   6    CB       -1.3540        0.1880        0.2040 
   6    CA        0.0660        0.4490        0.7290 
   6   CG2       -1.5260        0.5510       -1.2650 
   6     C        1.1220       -0.3400       -0.0300 
   1    HA        0.1450        0.1700        1.7860 
   1    HB       -2.0740        0.7710        0.7920 
   1  HG21       -1.3270        1.6100       -1.4580 
   1  HG22       -2.5520        0.3380       -1.5860 
   1  HG23       -0.8760       -0.0530       -1.9080 
   1    H1        1.3080        2.0510        1.0120 
   1    H2       -0.2750        2.4360        1.0780 
   1   HG1       -1.6070       -1.4090        1.2980 
   1     H        1.6640       -2.1840       -0.3540 

