Run semi-empirical minimization
 &qmmm
    qm_theory='AM1', grms_tol=0.0005,
 scfconv=1.d-10, ndiis_attempts=700,   qmcharge=0,
 /
   9     F       -2.2160        2.7830        0.3610 
   8     O        2.8090        2.5240        0.2330 
   8    O1        5.1620        1.4600        0.6810 
   8    O2        5.5980       -0.2900       -0.7260 
   7     N        1.5280       -1.3110       -0.2910 
   7    N1       -3.1270        0.1880        0.0110 
   7    N2       -5.8810       -0.5180       -0.2460 
   6     C        1.1460       -2.7270       -0.4860 
   6    C1        1.6920       -3.7950        0.4010 
   6    C2        0.2420       -3.4160        0.4810 
   6    C3        0.5510       -0.2890       -0.1260 
   6    C4        2.8700       -0.9820       -0.2690 
   6    C5        0.9660        1.0480        0.0570 
   6    C6       -0.8290       -0.5520       -0.1380 
   6    C7       -1.7590        0.4790        0.0260 
   6    C8       -3.9590        0.8290       -1.0160 
   6    C9       -3.5990       -1.1170        0.4880 
   6   C10        3.3690        0.2490       -0.1020 
   6   C11        2.4160        1.3740        0.0770 
   6   C12       -5.4280        0.8280       -0.5930 
   6   C13       -5.0810       -1.0500        0.8560 
   6   C14        0.0340        2.0800        0.2210 
   6   C15       -1.3290        1.7900        0.2050 
   6   C16        4.8230        0.4150       -0.1050 
   1     H        1.0250       -2.9710       -1.5370 
   1    H1        2.3240       -3.5200        1.2370 
   1    H2        1.9400       -4.7490       -0.0490 
   1    H3       -0.4830       -4.1160        0.0850 
   1    H4       -0.0720       -2.9130        1.3880 
   1    H5        3.5220       -1.8390       -0.4090 
   1    H6       -1.1880       -1.5550       -0.3360 
   1    H7       -3.8410        0.2840       -1.9620 
   1    H8       -3.6590        1.8650       -1.2070 
   1    H9       -3.0400       -1.4310        1.3780 
   1   H10       -3.4510       -1.8750       -0.2920 
   1   H11       -5.5770        1.5040        0.2580 
   1   H12       -6.0400        1.2090       -1.4170 
   1   H13       -5.4360       -2.0560        1.1040 
   1   H14       -5.2200       -0.4300        1.7510 
   1   H15        0.3490        3.1100        0.3620 
   1   H16       -6.8600       -0.4800        0.0380 
   1   H17        6.1330        1.6030        0.7050 

