              precision    recall  f1-score   support

           0       0.97      0.97      0.97        29
           1       0.00      0.00      0.00         1
           2       0.00      0.00      0.00         1
           3       0.67      1.00      0.80         2
           4       0.00      0.00      0.00         1
           7       0.00      0.00      0.00         1
           8       0.80      1.00      0.89         8
           9       1.00      0.97      0.98        32
          10       0.00      0.00      0.00         1
          11       1.00      1.00      1.00         3
          14       0.00      0.00      0.00         0
          15       0.67      0.67      0.67         3
          16       0.75      1.00      0.86         6
          17       0.83      1.00      0.91         5
          18       0.00      0.00      0.00         1

    accuracy                           0.90        94
   macro avg       0.45      0.51      0.47        94
weighted avg       0.87      0.90      0.88        94
