              precision    recall  f1-score   support

          -1       0.09      0.33      0.14         3
           0       0.00      0.00      0.00        29
           1       0.07      1.00      0.12         1
           2       0.07      1.00      0.12         1
           3       0.00      0.00      0.00         2
           4       0.00      0.00      0.00         1
           8       0.25      0.25      0.25         8
           9       0.00      0.00      0.00        32
          10       0.00      0.00      0.00         1
          11       0.00      0.00      0.00         3
          15       0.30      1.00      0.46         3
          16       0.00      0.00      0.00         6
          17       0.00      0.00      0.00         5

    accuracy                           0.08        95
   macro avg       0.06      0.28      0.08        95
weighted avg       0.03      0.08      0.04        95
