Run semi-empirical minimization
 &qmmm
    qm_theory='AM1', grms_tol=0.0005,
 scfconv=1.d-10, ndiis_attempts=700,   qmcharge=0,
 /
   8     O        3.1140       -0.2860       -1.9420 
   8    O1       -0.2290        2.1440        1.2400 
   8    O2        4.3270        1.6730        0.0600 
   8    O3        6.7990        0.5840       -0.4650 
   8    O4       -6.4230       -0.0340       -1.3440 
   6     C        1.8920        0.1630        0.1440 
   6    C1        0.9980       -1.0770       -0.0740 
   6    C2       -0.4050       -0.9390        0.5380 
   6    C3       -1.1200        0.2890       -0.1140 
   6    C4        3.2010       -0.3460       -0.5210 
   6    C5        1.2020        1.3570       -0.5470 
   6    C6       -2.6190        0.4570        0.3690 
   6    C7       -0.2480        1.5820       -0.0650 
   6    C8        1.8850       -2.2360        0.3710 
   6    C9        3.3030       -1.8230       -0.0780 
   6   C10       -1.2200       -2.2200        0.3000 
   6   C11        2.1570        0.4720        1.6430 
   6   C12       -3.3460       -0.8880        0.2340 
   6   C13       -2.6440       -2.0890        0.8180 
   6   C14       -3.3000        1.5230       -0.5370 
   6   C15       -2.7470        0.8980        1.8450 
   6   C16        4.4120        0.4680       -0.1740 
   6   C17       -4.8190        1.5080       -0.4590 
   6   C18       -4.5570       -1.0370       -0.3280 
   6   C19       -5.3420        0.1330       -0.7840 
   6   C20        5.7300       -0.2760       -0.1310 
   1     H        0.8470       -1.2120       -1.1580 
   1    H1       -0.3280       -0.7920        1.6190 
   1    H2       -1.1830        0.0410       -1.1880 
   1    H3        1.1650        1.1930       -1.6310 
   1    H4        1.7890        2.2690       -0.3870 
   1    H5       -0.6970        2.3360       -0.7210 
   1    H6        1.5870       -3.1830       -0.0890 
   1    H7        1.8510       -2.3710        1.4580 
   1    H8        3.9800       -1.9800        0.7680 
   1    H9        3.6330       -2.4730       -0.8970 
   1   H10       -0.7410       -3.0680        0.8030 
   1   H11       -1.2410       -2.4590       -0.7720 
   1   H12        2.5930        1.4670        1.7780 
   1   H13        1.2470        0.4540        2.2480 
   1   H14        2.8420       -0.2460        2.1070 
   1   H15       -2.6310       -2.0000        1.9110 
   1   H16       -3.1860       -3.0160        0.5930 
   1   H17       -3.0150        1.3500       -1.5850 
   1   H18       -2.9470        2.5300       -0.2830 
   1   H19       -2.0850        0.3300        2.5060 
   1   H20       -2.5200        1.9600        1.9760 
   1   H21       -3.7680        0.7560        2.2200 
   1   H22        3.8730       -0.7650       -2.3170 
   1   H23       -5.2240        2.2160       -1.1900 
   1   H24       -5.1790        1.7970        0.5330 
   1   H25        0.2820        2.9700        1.2000 
   1   H26       -5.0340       -2.0070       -0.4140 
   1   H27        5.7360       -1.0840       -0.8660 
   1   H28        5.8940       -0.6860        0.8700 
   1   H29        6.8620        1.2580        0.2340 

