Run semi-empirical minimization
 &qmmm
    qm_theory='AM1', grms_tol=0.0005,
 scfconv=1.d-10, ndiis_attempts=700,   qmcharge=0,
 /
   8   O4*       -1.3680       -0.5370        1.0210 
   8   O2*       -1.2310        2.3580       -1.0900 
   8   O3*       -3.4010        1.5650        0.3590 
   8   O5*       -2.3410       -3.0610        0.2770 
   8    O2        1.5750        2.2990        0.7020 
   7    N1        0.7130        0.2040        0.2590 
   7    N3        3.0760        0.6860        0.1550 
   7    N4        4.6080       -0.9700       -0.4070 
   6   C2*       -1.3630        0.9820       -0.7970 
   6   C3*       -2.7950        0.5940       -0.4940 
   6   C1*       -0.6510        0.5870        0.4850 
   6   C4*       -2.6150       -0.6880        0.3080 
   6   C5*       -2.5160       -1.9330       -0.5630 
   6    C6        0.9870       -1.1070       -0.0970 
   6    C2        1.7840        1.1260        0.3880 
   6    C5        2.2220       -1.5490       -0.3270 
   6    C4        3.3170       -0.5540       -0.1800 
   1   H2*       -0.9990        0.4080       -1.6580 
   1   H3*       -3.4240        0.4930       -1.3820 
   1   H1*       -0.6780        1.3950        1.2250 
   1   H4*       -3.3970       -0.8210        1.0640 
   1  H5*1       -1.6850       -1.8920       -1.2710 
   1  H5*2       -3.4420       -2.0710       -1.1300 
   1    H7       -0.2820        2.5460       -1.1850 
   1    H8       -2.9170        1.5930        1.2010 
   1    H6        0.1690       -1.8040       -0.1910 
   1   H5*       -2.2930       -3.8430       -0.2990 
   1    H5        2.4440       -2.5710       -0.6040 
   1   H41        4.8270       -1.9260       -0.6690 
   1   H42        5.3860       -0.3250       -0.3190 

