Run semi-empirical minimization
 &qmmm
    qm_theory='AM1', grms_tol=0.0005,
 scfconv=1.d-10, ndiis_attempts=700,   qmcharge=0,
 /
  17    Cl       -1.9930        2.6480        1.0550 
  17   Cl1        4.9960       -1.2990        1.2090 
  17   Cl2       -4.9750       -1.7900        0.3950 
   8     O       -0.0040        1.1640       -0.6410 
   8    O1        1.9870        0.5100       -2.4670 
   6     C        1.1580        0.5910       -0.2220 
   6    C1       -1.1830        0.4850       -0.3840 
   6    C2        2.1580        0.2640       -1.1380 
   6    C3        1.3450        0.3340        1.1360 
   6    C4       -2.1750        1.0680        0.3860 
   6    C5       -1.3350       -0.7820       -0.9200 
   6    C6        3.3450       -0.3210       -0.6960 
   6    C7        2.5320       -0.2500        1.5780 
   6    C8       -3.3540        0.3620        0.6280 
   6    C9       -2.5130       -1.4880       -0.6780 
   6   C10        3.5320       -0.5780        0.6620 
   6   C11       -3.5220       -0.9170        0.0960 
   1     H        0.5830        0.5920        1.8670 
   1    H1       -0.5640       -1.2370       -1.5350 
   1    H2        4.1240       -0.5760       -1.4100 
   1    H3        2.6650       -0.4430        2.6400 
   1    H4       -4.1420        0.8070        1.2320 
   1    H5       -2.6310       -2.4830       -1.1010 
   1    H6        2.7800        0.2170       -2.9480 

