Run semi-empirical minimization
 &qmmm
    qm_theory='AM1', grms_tol=0.0005,
 scfconv=1.d-10, ndiis_attempts=700,   qmcharge=0,
 /
   8     O        5.5190       -0.1940       -0.6740 
   8    O1       -6.0870       -0.2510        1.0000 
   6     C        1.4340        0.9510        0.3840 
   6    C1        2.3080       -0.2440       -0.0540 
   6    C2        0.0470        0.9460       -0.2670 
   6    C3       -0.6910       -0.3710        0.1300 
   6    C4       -2.1520       -0.4560       -0.4580 
   6    C5        3.6030        0.0990        0.7150 
   6    C6        1.6070       -1.5290        0.4070 
   6    C7        0.1770       -1.6280       -0.1540 
   6    C8        2.3480        2.1530        0.1720 
   6    C9       -0.7800        2.1630        0.1670 
   6   C10        3.7410        1.6280        0.5650 
   6   C11       -2.9010        0.8490       -0.1580 
   6   C12        2.5670       -0.3070       -1.5820 
   6   C13       -2.1690        2.1360       -0.4570 
   6   C14       -2.8810       -1.6550        0.2150 
   6   C15       -2.1470       -0.6680       -1.9890 
   6   C16        4.8190       -0.6330        0.2370 
   6   C17       -4.3900       -1.6330        0.0300 
   6   C18       -4.1550        0.9010        0.3240 
   6   C19       -4.9590       -0.3270        0.5180 
   6   C20        5.1420       -1.9300        0.9270 
   1     H        1.2710        0.8820        1.4730 
   1    H1        0.1590        0.9950       -1.3550 
   1    H2       -0.8000       -0.3330        1.2260 
   1    H3        3.4790       -0.1160        1.7850 
   1    H4        1.5560       -1.5600        1.5030 
   1    H5        2.1720       -2.4140        0.0960 
   1    H6        0.2300       -1.8170       -1.2310 
   1    H7       -0.2910       -2.5130        0.2900 
   1    H8        2.0570        3.0080        0.7920 
   1    H9        2.3420        2.4840       -0.8730 
   1   H10       -0.2780        3.0890       -0.1360 
   1   H11       -0.8660        2.1910        1.2610 
   1   H12        4.4790        1.9410       -0.1800 
   1   H13        4.0550        2.0660        1.5210 
   1   H14        3.1200        0.5630       -1.9490 
   1   H15        3.1510       -1.1980       -1.8390 
   1   H16        1.6450       -0.3620       -2.1650 
   1   H17       -2.0850        2.2530       -1.5440 
   1   H18       -2.7320        3.0060       -0.0970 
   1   H19       -2.6720       -1.6510        1.2940 
   1   H20       -2.4990       -2.6080       -0.1710 
   1   H21       -1.5300        0.0710       -2.5090 
   1   H22       -1.7680       -1.6600       -2.2580 
   1   H23       -3.1570       -0.5890       -2.4090 
   1   H24       -4.8350       -2.4460        0.6150 
   1   H25       -4.6750       -1.7720       -1.0170 
   1   H26       -4.6480        1.8440        0.5360 
   1   H27        5.2320       -1.7650        2.0040 
   1   H28        4.3690       -2.6710        0.7220 
   1   H29        6.0980       -2.3110        0.5560 

