Run semi-empirical minimization
 &qmmm
    qm_theory='AM1', grms_tol=0.0005,
 scfconv=1.d-10, ndiis_attempts=700,   qmcharge=0,
 /
   8   O4*        2.2520        0.3950        1.0060 
   8   O2*        1.2060       -2.1540       -1.3160 
   8   O3*        3.4190       -2.3130        0.3110 
   8   O5*        4.1920        2.3590        0.5280 
   8    O6       -4.2510        1.9350       -0.4360 
   7    N9       -0.0310        0.4280        0.1410 
   7    N7       -1.2970        2.2150       -0.3150 
   7    N3       -1.7360       -1.2700        0.3970 
   7    N1       -3.9100       -0.3210        0.0640 
   7    N2       -3.6600       -2.6080        0.5640 
   6   C2*        1.8210       -0.9550       -0.8900 
   6   C1*        1.2120       -0.3930        0.3900 
   6   C3*        3.2720       -1.1430       -0.4920 
   6   C4*        3.5210        0.0710        0.3950 
   6   C5*        4.0020        1.2890       -0.3810 
   6    C4       -1.3230       -0.0070        0.1540 
   6    C8       -0.0660        1.7710       -0.1460 
   6    C5       -2.0730        1.1090       -0.1280 
   6    C6       -3.5040        0.9960       -0.1910 
   6    C2       -3.0440       -1.4030        0.3460 
   1   H2*        1.7460       -0.2230       -1.7040 
   1   H1*        0.9080       -1.1770        1.0950 
   1   H3*        3.9490       -1.2340       -1.3460 
   1   H4*        4.2160       -0.1450        1.2140 
   1  H5*1        3.2640        1.6110       -1.1220 
   1  H5*2        4.9510        1.0820       -0.8830 
   1    H6        1.7210       -2.4960       -2.0660 
   1    H7        4.3550       -2.3710        0.5700 
   1    H8        0.8300        2.3710       -0.2220 
   1   H5*        4.5010        3.1230        0.0110 
   1    H1       -4.9080       -0.5130        0.0440 
   1   H21       -3.1230       -3.4430        0.7730 
   1   H22       -4.6690       -2.7010        0.5220 

