Run semi-empirical minimization
 &qmmm
    qm_theory='AM1', grms_tol=0.0005,
 scfconv=1.d-10, ndiis_attempts=700,   qmcharge=0,
 /
   8     O       -4.4460       -1.0030        0.4110 
   8    O1       -2.4010       -1.9110        0.0530 
   6     C        3.9020       -0.4410        0.0360 
   6    C1        3.1490        0.8190       -0.4310 
   6    C2        1.6530        0.7390       -0.2470 
   6    C3       -1.0950        0.5940        0.0900 
   6    C4       -2.5730        0.5150        0.2720 
   6    C5        3.6080       -0.7760        1.5000 
   6    C6        3.5240       -1.6300       -0.8510 
   6    C7        0.8690        0.2280       -1.2700 
   6    C8        1.0900        1.1790        0.9410 
   6    C9       -0.5130        0.1550       -1.1000 
   6   C10       -0.2930        1.1060        1.1100 
   6   C11       -3.3740        1.3490       -0.7490 
   6   C12       -3.1000       -0.9230        0.2330 
   1     H        4.9780       -0.2530       -0.0730 
   1    H1        3.3790        1.0240       -1.4850 
   1    H2        3.5300        1.6910        0.1180 
   1    H3       -2.8240        0.8900        1.2740 
   1    H4        2.5790       -1.1170        1.6570 
   1    H5        3.7960        0.0880        2.1460 
   1    H6        4.2660       -1.5850        1.8370 
   1    H7        4.1780       -2.4810       -0.6300 
   1    H8        2.4960       -1.9690       -0.6860 
   1    H9        3.6490       -1.3890       -1.9110 
   1   H10        1.3080       -0.1100       -2.2040 
   1   H11        1.7020        1.5850        1.7400 
   1   H12       -1.1210       -0.2450       -1.9070 
   1   H13       -0.7290        1.4530        2.0430 
   1   H14       -3.0010        2.3790       -0.7840 
   1   H15       -3.3030        0.9290       -1.7580 
   1   H16       -4.4360        1.3890       -0.4830 
   1   H17       -4.7640       -1.9310        0.3780 

