Run semi-empirical minimization
 &qmmm
    qm_theory='AM1', grms_tol=0.0005,
 scfconv=1.d-10, ndiis_attempts=700,   qmcharge=0,
 /
   8     O        8.4280        0.6440       -0.1450 
   6     C       -0.2870        0.0120        0.1260 
   6    C1        0.6660       -1.1090        0.5850 
   6    C2        2.0570       -1.0190       -0.0510 
   6    C3        2.6950        0.3600        0.2870 
   6    C4       -1.5630       -0.4190        0.8900 
   6    C5        0.3170        1.3470        0.5840 
   6    C6        4.1200        0.5180       -0.3800 
   6    C7       -0.1510       -2.3820        0.3890 
   6    C8        1.7320        1.5490        0.0160 
   6    C9       -1.5950       -1.9550        0.7120 
   6   C10        2.9600       -2.1560        0.4530 
   6   C11       -2.8640        0.2520        0.4750 
   6   C12       -0.5350        0.0430       -1.4030 
   6   C13        4.9490       -0.7620       -0.2060 
   6   C14        4.8560        1.7010        0.3160 
   6   C15        4.4120       -1.9330        0.1790 
   6   C16        4.0030        0.8090       -1.8960 
   6   C17        6.4320       -0.6660       -0.4790 
   6   C18       -4.0380       -0.3130        1.3030 
   6   C19        6.3410        1.8090       -0.0270 
   6   C20        7.0720        0.5030        0.2650 
   6   C21       -2.7410        1.7730        0.6170 
   6   C22       -5.4120        0.3350        1.0660 
   6   C23       -6.0130        0.1700       -0.3540 
   6   C24       -7.3510        0.9570       -0.5290 
   6   C25       -6.1390       -1.3290       -0.7210 
   6   C26       -7.1850        2.4550       -0.2410 
   6   C27       -8.5120        0.4010        0.3000 
   6   C28       -6.6530       -1.5940       -2.1300 
   1     H        0.8140       -1.0090        1.6730 
   1    H1        1.9670       -1.1250       -1.1370 
   1    H2        2.8520        0.3580        1.3780 
   1    H3       -1.4040       -0.2230        1.9620 
   1    H4        0.3700        1.3830        1.6800 
   1    H5       -0.2620        2.2160        0.2720 
   1    H6        0.1830       -3.1890        1.0490 
   1    H7       -0.0820       -2.7490       -0.6420 
   1    H8        1.6470        1.7370       -1.0590 
   1    H9        2.1450        2.4650        0.4550 
   1   H10       -2.2570       -2.2670       -0.1040 
   1   H11       -1.9450       -2.4430        1.6280 
   1   H12        2.6520       -3.0950       -0.0240 
   1   H13        2.8390       -2.2950        1.5340 
   1   H14       -3.0800        0.0300       -0.5770 
   1   H15       -1.1520        0.8980       -1.6960 
   1   H16        0.3920        0.1240       -1.9770 
   1   H17       -1.0430       -0.8590       -1.7600 
   1   H18        4.7710        1.5960        1.4070 
   1   H19        4.3760        2.6530        0.0600 
   1   H20        5.0550       -2.8010        0.3050 
   1   H21        3.3960        0.0550       -2.4090 
   1   H22        3.5530        1.7880       -2.0870 
   1   H23        4.9780        0.8210       -2.3940 
   1   H24        6.9540       -1.5910       -0.2000 
   1   H25        6.6030       -0.5610       -1.5580 
   1   H26       -4.1230       -1.3960        1.1690 
   1   H27       -3.8020       -0.1750        2.3680 
   1   H28        6.4750        2.0910       -1.0790 
   1   H29        6.7980        2.6220        0.5510 
   1   H30        7.0670        0.3130        1.3450 
   1   H31       -2.1700        2.2060       -0.2040 
   1   H32       -2.3020        2.0620        1.5770 
   1   H33       -3.7090        2.2740        0.5420 
   1   H34       -5.3700        1.3860        1.3570 
   1   H35       -6.1020       -0.1290        1.7840 
   1   H36       -5.3010        0.6160       -1.0630 
   1   H37        8.8820       -0.1930        0.0510 
   1   H38       -7.6410        0.8840       -1.5850 
   1   H39       -5.1510       -1.8000       -0.6630 
   1   H40       -6.7720       -1.8530        0.0050 
   1   H41       -6.3170        2.8620       -0.7680 
   1   H42       -7.0730        2.6600        0.8280 
   1   H43       -8.0680        3.0060       -0.5840 
   1   H44       -9.4260        0.9750        0.1100 
   1   H45       -8.3070        0.4560        1.3730 
   1   H46       -8.7290       -0.6400        0.0450 
   1   H47       -7.7020       -1.3050       -2.2380 
   1   H48       -6.5830       -2.6620       -2.3590 
   1   H49       -6.0620       -1.0490       -2.8720 

