Run semi-empirical minimization
 &qmmm
    qm_theory='AM1', grms_tol=0.0005,
 scfconv=1.d-10, ndiis_attempts=700,   qmcharge=0,
 /
   8     O       -4.6880       -0.1810       -0.2530 
   8    O1        5.0780        0.7630       -0.4700 
   8    O2        3.0800        1.2330       -1.4310 
   6     C        3.1420       -0.4000        0.3840 
   6    C1        1.6730       -0.5830        0.2040 
   6    C2       -0.5810        0.3320        0.2500 
   6    C3       -1.0940       -0.9290       -0.1360 
   6    C4        0.8050        0.4890        0.4150 
   6    C5        1.1680       -1.8240       -0.1750 
   6    C6       -0.2060       -1.9970       -0.3440 
   6    C7        3.5460       -0.0030        1.8180 
   6    C8       -1.4690        1.4000        0.4580 
   6    C9       -2.4800       -1.0850       -0.3010 
   6   C10       -3.3470       -0.0130       -0.0900 
   6   C11        3.7330        0.6150       -0.6000 
   6   C12       -2.8430        1.2270        0.2890 
   6   C13       -5.5180        0.9550       -0.0180 
   1     H        3.6440       -1.3500        0.1540 
   1    H1        1.2020        1.4580        0.7130 
   1    H2        1.8300       -2.6690       -0.3440 
   1    H3       -0.5780       -2.9750       -0.6410 
   1    H4        4.6340       -0.0260        1.9430 
   1    H5        3.2110        1.0110        2.0660 
   1    H6        3.1110       -0.6930        2.5500 
   1    H7       -1.0950        2.3790        0.7550 
   1    H8       -2.8900       -2.0490       -0.5970 
   1    H9       -3.4590        2.1010        0.4700 
   1   H10        5.4380        1.4130       -1.1110 
   1   H11       -6.5530        0.6410       -0.1930 
   1   H12       -5.3050        1.7620       -0.7280 
   1   H13       -5.4580        1.2900        1.0230 

