Run semi-empirical minimization
 &qmmm
    qm_theory='AM1', grms_tol=0.0005,
 scfconv=1.d-10, ndiis_attempts=700,   qmcharge=0,
 /
   8     O       -1.5190        1.8070       -0.0010 
   8    O1        2.8390        0.2910       -0.0010 
   7     N        0.6640        1.0620        0.0010 
   7    N1        1.1150       -1.2320       -0.0000 
   6     C       -1.1610       -0.5430        0.0000 
   6    C1       -0.7130        0.8800        0.0000 
   6    C2       -0.2260       -1.5010       -0.0000 
   6    C3       -2.6300       -0.8190       -0.0000 
   6    C4        1.6310        0.0540        0.0000 
   1     H       -0.4790       -2.5550       -0.0000 
   1    H1        1.0010        2.0210        0.0010 
   1    H2        1.7560       -2.0190       -0.0010 
   1    H3       -3.1000       -0.3860       -0.8890 
   1    H4       -3.1010       -0.3860        0.8890 
   1    H5       -2.8430       -1.8930       -0.0000 

