Run semi-empirical minimization
 &qmmm
    qm_theory='AM1', grms_tol=0.0005,
 scfconv=1.d-10, ndiis_attempts=700,   qmcharge=0,
 /
   8     O       -0.2070       -1.0300        0.3510 
   8    O1        1.2400        1.6970        0.7450 
   8    O2        2.1350       -1.1700        0.5030 
   8    O3       -2.9460       -0.5070        0.2430 
   6     C        0.3660        1.1950       -0.2630 
   6    C1       -0.7090        0.3210        0.3700 
   6    C2        1.1130        0.2300       -1.1580 
   6    C3        1.0240       -1.0730       -0.3810 
   6    C4       -2.0160        0.3380       -0.4110 
   1     H       -0.0320        2.0560       -0.8100 
   1    H1       -0.8910        0.5790        1.4200 
   1    H2        0.5710        0.1250       -2.1050 
   1    H3        2.1430        0.5360       -1.3620 
   1    H4        1.0310       -1.9510       -1.0330 
   1    H5       -1.8830       -0.0510       -1.4250 
   1    H6       -2.4370        1.3460       -0.4710 
   1    H7        0.7150        2.2740        1.3240 
   1    H8        2.3710       -0.2770        0.8070 
   1    H9       -3.1000       -0.1450        1.1320 

