Run semi-empirical minimization
 &qmmm
    qm_theory='AM1', grms_tol=0.0005,
 scfconv=1.d-10, ndiis_attempts=700,   qmcharge=0,
 /
  17    Cl       -1.4420        3.8200       -0.1070 
   7     N        2.1600        0.4360        0.1060 
   7    N1       -2.2870       -1.0530        0.0330 
   7    N2       -0.0530       -0.3390        0.0700 
   7    N3        0.4260        2.0110        0.0070 
   7    N4       -1.8490        1.2490       -0.0310 
   6     C        2.7050       -0.9030        0.1660 
   6    C1        4.1220       -0.8440        0.7200 
   6    C2        2.6780       -1.5260       -1.2240 
   6    C3        0.8050        0.7110        0.0600 
   6    C4       -1.9030       -2.4290        0.0880 
   6    C5       -1.3500        0.0040        0.0240 
   6    C6       -3.1120       -3.3410        0.1240 
   6    C7       -0.9020        2.2020       -0.0360 
   1     H        2.1150       -1.5230        0.8520 
   1    H1        2.7910        1.2280        0.0470 
   1    H2        4.5540       -1.8470        0.7980 
   1    H3        4.7780       -0.2410        0.0810 
   1    H4        4.1310       -0.3940        1.7190 
   1    H5        1.6580       -1.6170       -1.6090 
   1    H6        3.1150       -2.5300       -1.2060 
   1    H7        3.2470       -0.9230       -1.9410 
   1    H8       -1.2930       -2.6860       -0.7860 
   1    H9       -1.2970       -2.6170        0.9820 
   1   H10       -3.2650       -0.7920       -0.0060 
   1   H11       -3.7350       -3.1330        1.0000 
   1   H12       -3.7330       -3.2050       -0.7670 
   1   H13       -2.8000       -4.3890        0.1670 

