Run semi-empirical minimization
 &qmmm
    qm_theory='AM1', grms_tol=0.0005,
 scfconv=1.d-10, ndiis_attempts=700,   qmcharge=0,
 /
   8     O       -4.9440       -1.0690       -0.8760 
   8    O1        5.5580        0.1500       -1.0390 
   6     C       -0.6330        0.7750        0.3580 
   6    C1        0.1970       -0.4490       -0.1470 
   6    C2       -2.0220        0.7140       -0.2840 
   6    C3       -2.7780       -0.5710        0.1120 
   6    C4        1.6680       -0.4670        0.4230 
   6    C5       -0.5680       -1.7900        0.0360 
   6    C6       -2.0200       -1.7560       -0.4760 
   6    C7        0.0930        2.0810        0.0130 
   6    C8       -3.0270        1.8320       -0.0310 
   6    C9        2.3120        0.9100        0.2200 
   6   C10       -4.1180       -0.2400       -0.5190 
   6   C11        1.4890        2.1110        0.6220 
   6   C12       -4.3240        1.2620       -0.6240 
   6   C13        2.4770       -1.5510       -0.3460 
   6   C14       -3.0370       -0.7620        1.6180 
   6   C15        1.6980       -0.7960        1.9330 
   6   C16        3.9820       -1.4290       -0.1690 
   6   C17        3.5520        1.0950       -0.2640 
   6   C18        4.4450       -0.0500       -0.5570 
   1     H       -0.7370        0.7300        1.4470 
   1    H1        0.2900       -0.3160       -1.2380 
   1    H2       -1.8640        0.7050       -1.3770 
   1    H3       -0.5770       -2.0770        1.0930 
   1    H4       -0.0470       -2.5940       -0.4960 
   1    H5       -2.0150       -1.6980       -1.5730 
   1    H6       -2.5210       -2.6990       -0.2270 
   1    H7       -0.4740        2.9390        0.3920 
   1    H8        0.1610        2.2000       -1.0760 
   1    H9       -2.7500        2.7680       -0.5240 
   1   H10       -3.1410        2.0390        1.0390 
   1   H11        1.4110        2.1380        1.7160 
   1   H12        1.9790        3.0470        0.3270 
   1   H13       -4.4270        1.5310       -1.6790 
   1   H14       -5.2010        1.5780       -0.0540 
   1   H15        2.2560       -1.4790       -1.4210 
   1   H16        2.1720       -2.5570       -0.0340 
   1   H17       -3.6370        0.0480        2.0450 
   1   H18       -3.6020       -1.6870        1.7900 
   1   H19       -2.1160       -0.8310        2.2030 
   1   H20        1.0320       -0.1490        2.5120 
   1   H21        1.4010       -1.8320        2.1260 
   1   H22        2.7040       -0.6700        2.3510 
   1   H23        4.4800       -2.1580       -0.8180 
   1   H24        4.2890       -1.6260        0.8630 
   1   H25        3.9700        2.0860       -0.4060 

