Run semi-empirical minimization
 &qmmm
    qm_theory='AM1', grms_tol=0.0005,
 scfconv=1.d-10, ndiis_attempts=700,   qmcharge=0,
 /
   8     O       -2.7910       -1.6230       -0.3320 
   8   OXT       -3.5640        0.2620        0.6610 
   7     N       -1.5030        1.7690       -0.0720 
   7    NZ        4.8580       -0.3940        0.2920 
   6    CG        1.1670        0.3290       -0.3050 
   6    CB       -0.1550       -0.2960        0.1590 
   6    CD        2.4070       -0.3830        0.2430 
   6    CA       -1.4130        0.3530       -0.4320 
   6    CE        3.6880        0.3010       -0.2330 
   6     C       -2.6940       -0.3180        0.0190 
   1   HG1        1.2000        1.3820        0.0010 
   1   HG2        1.2020        0.3160       -1.4020 
   1   HB1       -0.2040       -0.2620        1.2550 
   1   HB2       -0.1480       -1.3610       -0.1050 
   1   HD1        2.3980       -1.4310       -0.0810 
   1   HD2        2.3690       -0.3830        1.3400 
   1    HA       -1.3830        0.2890       -1.5260 
   1   HE1        3.7080        1.3450        0.0990 
   1   HE2        3.7330        0.2970       -1.3270 
   1    H1       -1.5670        1.8680        0.9410 
   1    H2       -2.3530        2.1750       -0.4610 
   1   HZ1        4.8420       -0.3720        1.3110 
   1   HZ2        5.7010        0.1030        0.0090 
   1     H       -3.6270       -2.0270       -0.0160 

