Run semi-empirical minimization
 &qmmm
    qm_theory='AM1', grms_tol=0.0005,
 scfconv=1.d-10, ndiis_attempts=700,   qmcharge=0,
 /
   8     O        0.6620        1.3230       -0.0990 
   8    O1        0.0900       -2.3090       -0.1070 
   8    O2        1.3200       -0.3530        1.4360 
   8    O3       -2.6060       -1.2360       -0.0850 
   8    O4       -2.0590        1.2720       -1.0690 
   8    O5        3.2710        0.4760       -0.3700 
   6     C       -0.2100       -0.9370       -0.3510 
   6    C1        0.9860       -0.0640        0.0750 
   6    C2       -1.4720       -0.5350        0.4180 
   6    C3       -1.7210        0.9670        0.2860 
   6    C4       -0.4710        1.7540        0.6620 
   6    C5        2.2100       -0.3570       -0.7960 
   1     H       -0.4000       -0.8300       -1.4270 
   1    H1       -1.3730       -0.8120        1.4740 
   1    H2       -2.5690        1.2770        0.9060 
   1    H3       -0.6140        2.8160        0.4360 
   1    H4       -0.2480        1.6650        1.7310 
   1    H5        2.0170       -0.1490       -1.8530 
   1    H6        2.5520       -1.3910       -0.6880 
   1    H7        0.7360       -2.5960       -0.7740 
   1    H8        2.2560       -0.1280        1.5720 
   1    H9       -2.6220       -1.1370       -1.0510 
   1   H10       -2.9290        0.8790       -1.2480 
   1   H11        2.9750        1.3980       -0.4590 

