Run semi-empirical minimization
 &qmmm
    qm_theory='AM1', grms_tol=0.0005,
 scfconv=1.d-10, ndiis_attempts=700,   qmcharge=0,
 /
   8     O        8.2910       -0.1010        0.2590 
   6     C       -0.4090        0.3340       -0.1000 
   6    C1        0.3530       -0.8640        0.5000 
   6    C2       -1.8280        0.0420        0.4460 
   6    C3        2.5560        0.4480        0.4290 
   6    C4        0.2260        1.6160        0.4650 
   6    C5        1.8190       -0.8660        0.1500 
   6    C6       -0.5550       -2.0550        0.1830 
   6    C7        4.0350        0.5100       -0.1710 
   6    C8       -1.9810       -1.4870        0.2830 
   6    C9        1.7120        1.7120        0.0860 
   6   C10       -0.3890        0.3550       -1.6480 
   6   C11       -2.9710        0.8220       -0.1890 
   6   C12        4.6680       -0.8830       -0.2860 
   6   C13        4.8860        1.4070        0.7760 
   6   C14        2.4830       -1.9690       -0.2260 
   6   C15        4.0530        1.1090       -1.5990 
   6   C16        3.9180       -1.9960       -0.3220 
   6   C17        6.1690       -0.9700       -0.4300 
   6   C18        6.3880        1.3560        0.5070 
   6   C19        6.9020       -0.0800        0.5690 
   6   C20       -2.7710        2.3280       -0.0020 
   6   C21       -4.2910        0.4000        0.4080 
   6   C22       -5.2920       -0.1430       -0.3020 
   6   C23       -6.6100       -0.5790        0.2990 
   6   C24       -7.8030        0.1970       -0.3280 
   6   C25       -6.7370       -2.0960        0.1180 
   6   C26       -7.6750        1.7130       -0.1310 
   6   C27       -9.1480       -0.2620        0.2550 
   1     H        0.3350       -0.7650        1.5990 
   1    H1       -1.8280        0.2470        1.5280 
   1    H2        2.6500        0.4530        1.5270 
   1    H3        0.1370        1.6390        1.5580 
   1    H4       -0.2470        2.5250        0.0950 
   1    H5       -0.4040       -2.8810        0.8870 
   1    H6       -0.3790       -2.4450       -0.8260 
   1    H7       -2.5430       -1.7580       -0.6180 
   1    H8       -2.5100       -1.9160        1.1420 
   1    H9        1.7540        1.9310       -0.9850 
   1   H10        2.1460        2.5840        0.5910 
   1   H11        0.6250        0.2720       -2.0510 
   1   H12       -0.9630       -0.4690       -2.0840 
   1   H13       -0.8100        1.2870       -2.0410 
   1   H14       -3.0080        0.6260       -1.2680 
   1   H15        4.7290        1.0970        1.8180 
   1   H16        4.5520        2.4500        0.7120 
   1   H17        1.9760       -2.9170       -0.3690 
   1   H18        5.0340        1.0230       -2.0780 
   1   H19        3.3330        0.6010       -2.2520 
   1   H20        3.8150        2.1790       -1.5930 
   1   H21        4.3750       -2.9740       -0.4330 
   1   H22        6.5240       -2.0020       -0.3100 
   1   H23        6.4530       -0.6890       -1.4520 
   1   H24        6.6260        1.8030       -0.4660 
   1   H25        6.9180        1.9680        1.2470 
   1   H26        6.7790       -0.4800        1.5830 
   1   H27       -2.4270        2.5820        1.0060 
   1   H28       -3.7160        2.8640       -0.1600 
   1   H29       -2.0830        2.7370       -0.7460 
   1   H30       -4.4190        0.5490        1.4780 
   1   H31       -5.1660       -0.2930       -1.3720 
   1   H32        8.7450        0.4660        0.9060 
   1   H33       -6.5990       -0.3780        1.3800 
   1   H34       -7.8270        0.0040       -1.4090 
   1   H35       -7.5770       -2.4970        0.6930 
   1   H36       -5.8370       -2.6130        0.4710 
   1   H37       -6.8860       -2.3630       -0.9350 
   1   H38       -8.5440        2.2340       -0.5480 
   1   H39       -7.6060        1.9690        0.9310 
   1   H40       -6.7900        2.1110       -0.6370 
   1   H41       -9.1570       -0.1750        1.3460 
   1   H42       -9.9700        0.3450       -0.1390 
   1   H43       -9.3650       -1.3010       -0.0110 

