Run semi-empirical minimization
 &qmmm
    qm_theory='AM1', grms_tol=0.0005,
 scfconv=1.d-10, ndiis_attempts=700,   qmcharge=0,
 /
   8     O        1.2330        0.5540        0.7790 
   8    O1       -0.6950       -2.7150       -0.7500 
   8    O2        0.7960       -2.1840        0.8690 
   8    O3        1.7810        0.8100       -1.4820 
   6     C       -0.0860        0.6090        0.4400 
   6    C1       -0.7930       -0.5510        0.1240 
   6    C2       -0.7290        1.8460        0.4130 
   6    C3       -2.1430       -0.4740       -0.2180 
   6    C4       -2.0790        1.9240        0.0710 
   6    C5       -2.7850        0.7640       -0.2450 
   6    C6       -0.1410       -1.8540        0.1480 
   6    C7        2.1090        0.6710       -0.3110 
   6    C8        3.5300        0.6000        0.1640 
   1     H       -0.1850        2.7550        0.6590 
   1    H1       -2.7250       -1.3610       -0.4560 
   1    H2       -2.5800        2.8870        0.0510 
   1    H3       -3.8370        0.8240       -0.5090 
   1    H4        3.7290        1.4180        0.8590 
   1    H5        4.2050        0.6970       -0.6920 
   1    H6        3.7110       -0.3660        0.6430 
   1    H7       -0.2560       -3.5920       -0.7340 

