Run semi-empirical minimization
 &qmmm
    qm_theory='AM1', grms_tol=0.0005,
 scfconv=1.d-10, ndiis_attempts=700,   qmcharge=0,
 /
   8     O       -5.9860        0.2500       -0.1270 
   8    O1        5.9860       -0.2500       -0.1270 
   6     C       -0.4340       -0.5220       -0.1290 
   6    C1        0.4340        0.5210       -0.1290 
   6    C2       -0.0170       -1.9790       -0.1820 
   6    C3        0.0170        1.9780       -0.1830 
   6    C4       -1.9020       -0.3170       -0.1290 
   6    C5        1.9020        0.3170       -0.1290 
   6    C6        0.1890       -2.5720        1.2060 
   6    C7       -0.1880        2.5720        1.2050 
   6    C8       -2.5660       -0.2250       -1.3360 
   6    C9        2.5660        0.2240       -1.3370 
   6   C10       -2.5650       -0.2250        1.0800 
   6   C11        2.5640        0.2260        1.0790 
   6   C12       -3.9480       -0.0330       -1.3350 
   6   C13        3.9480        0.0320       -1.3350 
   6   C14       -3.9460       -0.0330        1.0810 
   6   C15        3.9460        0.0340        1.0810 
   6   C16       -4.6380        0.0630       -0.1270 
   6   C17        4.6380       -0.0630       -0.1270 
   1     H        0.9050       -2.1010       -0.7620 
   1    H1       -0.7680       -2.5720       -0.7180 
   1    H2        0.7680        2.5720       -0.7200 
   1    H3       -0.9050        2.1010       -0.7630 
   1    H4        0.5210       -3.6120        1.1200 
   1    H5       -0.7420       -2.5700        1.7820 
   1    H6        0.9430       -2.0280        1.7800 
   1    H7       -0.9420        2.0290        1.7800 
   1    H8       -0.5210        3.6120        1.1190 
   1    H9        0.7430        2.5710        1.7810 
   1   H10       -2.0390       -0.2990       -2.2830 
   1   H11        2.0390        0.2970       -2.2840 
   1   H12       -2.0380       -0.2990        2.0270 
   1   H13        2.0370        0.3000        2.0260 
   1   H14       -4.4750        0.0400       -2.2830 
   1   H15        4.4810       -0.0430       -2.2790 
   1   H16       -4.4780        0.0420        2.0250 
   1   H17        4.4720       -0.0390        2.0290 
   1   H18       -6.2980        0.2930       -1.0470 
   1   H19        6.2980       -0.2930        0.7940 

