Run semi-empirical minimization
 &qmmm
    qm_theory='AM1', grms_tol=0.0005,
 scfconv=1.d-10, ndiis_attempts=700,   qmcharge=0,
 /
   8     O       -0.1510       -1.7830        0.4100 
   8    O1        0.2770        1.3490       -1.1450 
   8    O2       -2.0290        1.3730        0.5020 
   8    O3        2.7020        0.4720       -0.0890 
   8    O4       -1.5430       -0.7860       -1.2260 
   6     C        0.3700        1.0650        0.2520 
   6    C1       -0.9500        0.4860        0.7670 
   6    C2        1.4770        0.0340        0.4810 
   6    C3       -1.2450       -0.8930        0.1630 
   6    C4        1.0930       -1.3170       -0.1160 
   1     H        0.6100        2.0140        0.7450 
   1    H1       -0.8650        0.3810        1.8560 
   1    H2        1.6310       -0.0830        1.5610 
   1    H3       -2.1330       -1.3110        0.6500 
   1    H4        1.0460       -1.2830       -1.2110 
   1    H5        1.8600       -2.0600        0.1290 
   1    H6       -0.4730        1.9560       -1.2670 
   1    H7       -2.8370        0.9680        0.8610 
   1    H8        2.5520        0.6170       -1.0390 
   1    H9       -2.1090       -1.5420       -1.4570 

