Run semi-empirical minimization
 &qmmm
    qm_theory='AM1', grms_tol=0.0005,
 scfconv=1.d-10, ndiis_attempts=700,   qmcharge=0,
 /
   8     O        0.6660       -0.1340        1.4610 
   7     N        3.0940       -0.0510        0.1540 
   7    N1       -0.3990       -0.3960       -0.6150 
   6     C        1.9650       -0.7260       -0.4840 
   6    C1        2.9040        1.3990        0.1310 
   6    C2        4.3470       -0.4130       -0.5090 
   6    C3       -1.7560       -0.1300       -0.3120 
   6    C4        0.6850       -0.3830        0.2600 
   6    C5       -2.5860       -1.1740        0.0690 
   6    C6       -2.2320        1.1690       -0.4030 
   6    C7        4.0690        2.1160        0.7900 
   6    C8        4.5920       -1.9110       -0.4400 
   6    C9       -3.9230       -0.9120        0.3660 
   6   C10       -3.5700        1.4310       -0.1050 
   6   C11       -2.0880       -2.5790        0.1710 
   6   C12       -1.3510        2.3050       -0.8120 
   6   C13       -4.4150        0.3900        0.2790 
   1     H        1.8850       -0.4520       -1.5440 
   1    H1        2.0400       -1.8160       -0.4140 
   1    H2        2.7850        1.7720       -0.8950 
   1    H3        2.0090        1.7020        0.6820 
   1    H4        4.3690       -0.0810       -1.5550 
   1    H5        5.2030        0.0400       -0.0000 
   1    H6       -0.2550       -0.8080       -1.5340 
   1    H7        4.3240        1.6750        1.7590 
   1    H8        4.9620        2.1380        0.1580 
   1    H9        3.7960        3.1620        0.9730 
   1   H10        4.4520       -2.2990        0.5740 
   1   H11        3.9510       -2.4720       -1.1270 
   1   H12        5.6250       -2.1270       -0.7330 
   1   H13       -4.5960       -1.7110        0.6680 
   1   H14       -3.9700        2.4390       -0.1670 
   1   H15       -1.6510       -2.9030       -0.7800 
   1   H16       -1.3360       -2.6620        0.9620 
   1   H17       -2.8950       -3.2810        0.4100 
   1   H18       -0.8720        2.0950       -1.7730 
   1   H19       -1.9160        3.2360       -0.9310 
   1   H20       -0.5810        2.4820       -0.0540 
   1   H21       -5.4570        0.5940        0.5110 

