Run semi-empirical minimization
 &qmmm
    qm_theory='AM1', grms_tol=0.0005,
 scfconv=1.d-10, ndiis_attempts=700,   qmcharge=0,
 /
   8     O       -4.7310        0.0000        1.4060 
   8    O1        4.7280       -0.0000        1.4060 
   6     C       -0.0010        0.0000       -1.6700 
   6    C1       -1.2520        0.0000       -0.8570 
   6    C2        1.2690       -0.0000       -0.8440 
   6    C3       -1.8360        1.2080       -0.4770 
   6    C4        1.8340       -1.2080       -0.4770 
   6    C5       -1.8360       -1.2080       -0.4770 
   6    C6        1.8330        1.2080       -0.4770 
   6    C7       -3.0050        1.2080        0.2840 
   6    C8        3.0030       -1.2080        0.2840 
   6    C9       -3.0050       -1.2080        0.2840 
   6   C10        3.0020        1.2080        0.2840 
   6   C11       -3.5900       -0.0000        0.6650 
   6   C12        3.5870        0.0010        0.6650 
   1     H        0.0040       -0.8650       -2.3480 
   1    H1        0.0040        0.8650       -2.3490 
   1    H2       -1.3920        2.1570       -0.7670 
   1    H3        1.3870       -2.1540       -0.7690 
   1    H4       -1.3910       -2.1560       -0.7660 
   1    H5        1.3850        2.1540       -0.7680 
   1    H6       -3.4510        2.1550        0.5740 
   1    H7        3.4480       -2.1550        0.5740 
   1    H8       -3.4550       -2.1520        0.5780 
   1    H9        3.4530        2.1530        0.5780 
   1   H10       -4.9950        0.9210        1.5780 
   1   H11        4.9920       -0.9210        1.5780 

