Run semi-empirical minimization
 &qmmm
    qm_theory='AM1', grms_tol=0.0005,
 scfconv=1.d-10, ndiis_attempts=700,   qmcharge=0,
 /
   8     O       -0.0540        1.5060       -1.8730 
   8    O1       -1.8660       -1.0910       -2.0630 
   8    O2       -5.0870       -0.3710       -0.2280 
   8    O3        5.8150        0.8320        1.7810 
   8    O4       -5.9860        2.0580        0.4900 
   6     C       -0.8780       -1.0660        0.5930 
   6    C1        0.4240       -1.0940       -0.2180 
   6    C2       -1.8630        0.0010        0.0990 
   6    C3        1.1190        0.3110       -0.0830 
   6    C4        2.5330        0.3280       -0.7830 
   6    C5        0.1530        1.4700       -0.4660 
   6    C6       -1.2170        1.3840        0.2490 
   6    C7       -3.0630       -0.2740        1.0240 
   6    C8       -1.7310       -2.3280        0.6820 
   6    C9        1.3380       -2.2410        0.2590 
   6   C10       -3.1010       -1.8120        1.1530 
   6   C11        3.3200       -0.8220       -0.1410 
   6   C12        2.7360       -2.1950       -0.3560 
   6   C13        3.2950        1.6690       -0.5890 
   6   C14       -2.2900       -0.1900       -1.3460 
   6   C15        2.4610        0.1130       -2.3160 
   6   C16       -4.3670        0.2770        0.5300 
   6   C17        3.8730        1.8440        0.8040 
   6   C18        4.3780       -0.6610        0.6700 
   6   C19        4.7940        0.6910        1.1130 
   6   C20       -4.7360        1.6620        1.0150 
   1     H       -0.5980       -0.8200        1.6310 
   1    H1        0.2220       -1.2870       -1.2720 
   1    H2        1.3060        0.4470        0.9950 
   1    H3        0.6060        2.4270       -0.1860 
   1    H4       -1.0700        1.6100        1.3130 
   1    H5       -1.8790        2.1560       -0.1590 
   1    H6       -2.8760        0.1370        2.0250 
   1    H7       -1.3170       -3.0510        1.3930 
   1    H8       -1.8220       -2.8370       -0.2830 
   1    H9        0.8790       -3.2080        0.0200 
   1   H10        1.4310       -2.2020        1.3530 
   1   H11       -3.8960       -2.2950        0.5750 
   1   H12       -3.2670       -2.0870        2.2020 
   1   H13        2.6980       -2.4370       -1.4240 
   1   H14        3.3550       -2.9720        0.1080 
   1   H15        2.6630        2.5270       -0.8390 
   1   H16        4.1350        1.7100       -1.2990 
   1   H17       -2.9960        0.5560       -1.7510 
   1   H18        2.1320        1.0180       -2.8360 
   1   H19        3.4510       -0.1350       -2.7210 
   1   H20        1.7870       -0.6950       -2.6110 
   1   H21        3.0940        1.8960        1.5700 
   1   H22        4.4540        2.7720        0.8410 
   1   H23        4.8980       -1.5040        1.1140 
   1   H24       -0.6130        2.2760       -2.0700 
   1   H25       -3.9860        2.3810        0.6820 
   1   H26       -4.7920        1.6690        2.1070 
   1   H27       -6.6600        1.4640        0.8620 

