Run semi-empirical minimization
 &qmmm
    qm_theory='AM1', grms_tol=0.0005,
 scfconv=1.d-10, ndiis_attempts=700,   qmcharge=0,
 /
   8     O       -1.0690       -1.6920       -0.7660 
   8   OXT       -2.4950       -1.1220        0.9040 
   7   ND1        1.6800        0.1410        1.1620 
   7     N       -2.7490        1.3690       -0.2180 
   7   NE2        2.8200       -0.3370       -0.6820 
   6    CB       -0.3580        1.3000        0.3220 
   6    CA       -1.5060        0.6400       -0.4570 
   6    CG        0.9670        0.6020        0.1190 
   6     C       -1.7500       -0.7920       -0.0100 
   6   CD2        1.6560        0.3150       -1.0030 
   6   CE1        2.8040       -0.4250        0.6290 
   1   HB1       -0.5940        1.3200        1.3950 
   1   HB2       -0.2430        2.3450        0.0040 
   1    HA       -1.3120        0.6420       -1.5360 
   1   HD1        1.4440        0.1940        2.1450 
   1   HD2        1.3990        0.5300       -2.0300 
   1    H1       -2.6420        2.3350       -0.5280 
   1    H2       -2.9360        1.4200        0.7830 
   1   HE1        3.5660       -0.8810        1.2460 
   1     H       -1.2420       -2.6140       -0.4800 

