Run semi-empirical minimization
 &qmmm
    qm_theory='AM1', grms_tol=0.0005,
 scfconv=1.d-10, ndiis_attempts=700,   qmcharge=0,
 /
  16    SD        2.2860        0.9700        0.2800 
   8     O       -1.1610        1.6400        0.6920 
   8   OXT       -2.5910        0.3690       -0.5240 
   7     N       -1.3630       -1.8770        0.4990 
   6    CB        0.4160       -0.8110       -0.8010 
   6    CA       -0.5660       -0.6530        0.3690 
   6    CG        1.2660        0.4220       -1.1210 
   6     C       -1.5490        0.4750        0.1110 
   6    CE        3.2620       -0.5350        0.4960 
   1   HB1        1.0600       -1.6830       -0.6350 
   1   HB2       -0.1540       -1.0440       -1.7130 
   1    HA       -0.0510       -0.4840        1.3190 
   1   HG1        0.6280        1.2590       -1.4240 
   1   HG2        1.9240        0.2090       -1.9700 
   1    H1       -1.9630       -1.8080        1.3200 
   1    H2       -0.7440       -2.6700        0.6670 
   1   HE1        2.6640       -1.3260        0.9560 
   1   HE2        4.0990       -0.3180        1.1650 
   1   HE3        3.6690       -0.8790       -0.4580 
   1     H       -1.8050        2.3620        0.5300 

