Run semi-empirical minimization
 &qmmm
    qm_theory='AM1', grms_tol=0.0005,
 scfconv=1.d-10, ndiis_attempts=700,   qmcharge=0,
 /
   8     O       -1.5610       -1.5480       -1.0370 
   8   OXT       -3.1860       -1.0240        0.4550 
   7     N       -2.7950        1.6330       -0.1120 
   6    CB       -0.6090        0.9810        0.7900 
   6    CA       -1.6650        0.7240       -0.2960 
   6    CG        0.7590        0.4610        0.4140 
   6   CD1        1.1080       -0.8360        0.7540 
   6   CD2        1.6370        1.2910       -0.2630 
   6     C       -2.2260       -0.6860       -0.2250 
   6   CE1        2.3710       -1.3160        0.4060 
   6   CE2        2.9000        0.8110       -0.6110 
   6    CZ        3.2670       -0.4920       -0.2760 
   1   HB1       -0.9180        0.5380        1.7470 
   1   HB2       -0.5160        2.0590        0.9860 
   1    HA       -1.2650        0.8940       -1.3020 
   1   HD1        0.4190       -1.4840        1.2870 
   1   HD2        1.3590        2.3070       -0.5310 
   1    H1       -2.4740        2.5970       -0.1980 
   1    H2       -3.1590        1.5450        0.8370 
   1   HE1        2.6570       -2.3300        0.6670 
   1   HE2        3.5970        1.4520       -1.1430 
   1    HZ        4.2500       -0.8670       -0.5470 
   1     H       -1.9360       -2.4530       -0.9960 

