Run semi-empirical minimization
 &qmmm
    qm_theory='AM1', grms_tol=0.0005,
 scfconv=1.d-10, ndiis_attempts=700,   qmcharge=0,
 /
  16     S        0.8130       -0.5300        1.0470 
   8     O        2.5410        1.9380       -2.1380 
   8    O1        5.1160       -1.8060       -0.0670 
   8   OXT        4.3750       -0.4800        1.6330 
   8    O2       -1.1800        2.4440        1.6020 
   8    O3       -4.1590       -3.4890        0.0830 
   7     N        2.7860        0.7500       -0.1150 
   7    N1       -0.1500        1.9690       -0.4200 
   7    N2       -3.5720        2.8270        0.2760 
   6     C        1.8060        1.0060        0.9420 
   6    C1        1.8290       -1.4420       -0.2180 
   6    CA        3.1210       -0.6200       -0.4280 
   6   C13        1.2350        2.1190        0.0480 
   6    C2        2.2950        1.6810       -0.9810 
   6    C3        2.0780       -2.8720        0.2740 
   6    C4        1.0040       -1.4980       -1.5150 
   6    C5        4.2480       -0.9380        0.5070 
   6    C6       -1.2580        2.1470        0.4110 
   6   C14       -2.5840        1.9140       -0.3060 
   6    C7       -3.0060        0.4640       -0.2010 
   6    C8       -3.1870       -0.2710       -1.3590 
   6    C9       -3.2020       -0.0930        1.0500 
   6   C10       -3.5780       -1.6070       -1.2630 
   6   C11       -3.5920       -1.4290        1.1470 
   6   C12       -3.7800       -2.1850       -0.0100 
   1     H        2.2560        1.3400        1.8810 
   1    HA        3.4770       -0.6650       -1.4650 
   1   H16        1.4210        3.1320        0.4240 
   1    H3        1.1390       -3.4300        0.3740 
   1    H4        2.7070       -3.4210       -0.4350 
   1    H5        2.5760       -2.8960        1.2500 
   1    H6        1.5600       -2.0260       -2.2990 
   1    H7        0.0600       -2.0370       -1.3700 
   1    H8        0.7630       -0.5050       -1.9060 
   1    H9       -0.3220        1.7160       -1.3900 
   1   H17       -2.4630        2.1960       -1.3590 
   1   H10        5.8620       -2.0270        0.5310 
   1    H1       -4.4540        2.7370       -0.2290 
   1    H2       -3.2690        3.7910        0.1370 
   1   H11       -3.0310        0.1680       -2.3400 
   1   H12       -3.0660        0.4820        1.9620 
   1   H13       -3.7210       -2.1920       -2.1670 
   1   H14       -3.7470       -1.8670        2.1290 
   1   H15       -4.2530       -3.7240        1.0230 

