Run semi-empirical minimization
 &qmmm
    qm_theory='AM1', grms_tol=0.0005,
 scfconv=1.d-10, ndiis_attempts=700,   qmcharge=0,
 /
   8     O        0.8170        0.9670       -0.2370 
   8    O1        0.3540       -1.6650       -1.2460 
   8    O2       -2.0580       -1.9910        0.0970 
   8    O3       -2.7810        0.7900        0.4200 
   8    O4       -0.8270        2.5840       -0.5960 
   8    O5        3.4740        0.6140        0.3590 
   6     C        0.2830       -1.3700        0.1500 
   6    C1       -1.1480       -0.9790        0.5200 
   6    C2        1.2350       -0.2110        0.4650 
   6    C3       -1.5390        0.3500       -0.1270 
   6    C4       -0.4790        1.4190        0.1510 
   6    C5        2.6690       -0.5070        0.0440 
   1     H        0.5760       -2.2820        0.6820 
   1    H1       -1.2390       -0.9040        1.6110 
   1    H2        1.2230        0.0170        1.5390 
   1    H3       -1.6970        0.2210       -1.2040 
   1    H4       -0.4760        1.6990        1.2120 
   1    H5        2.7540       -0.6760       -1.0340 
   1    H6        3.0650       -1.3810        0.5700 
   1    H7        0.2460       -0.8340       -1.7400 
   1    H8       -2.9540       -1.6950        0.3330 
   1    H9       -2.9930        1.6460        0.0080 
   1   H10       -0.4250        3.3440       -0.1420 
   1   H11        3.1070        1.3820       -0.1110 

