Run semi-empirical minimization
 &qmmm
    qm_theory='AM1', grms_tol=0.0005,
 scfconv=1.d-10, ndiis_attempts=700,   qmcharge=0,
 /
   8   O4*       -1.3650       -0.5410        1.0220 
   8   O2*       -1.2430        2.3470       -1.1010 
   8   O3*       -3.4090        1.5470        0.3500 
   8   O5*       -2.3210       -3.0730        0.2880 
   8    O2        1.5410        2.3480        0.7090 
   8    O4        4.5490       -0.9630       -0.4010 
   7    N1        0.7130        0.2100        0.2590 
   7    N3        3.0370        0.6980        0.1560 
   6   C2*       -1.3670        0.9710       -0.8020 
   6   C3*       -2.7970        0.5760       -0.4990 
   6   C1*       -0.6540        0.5850        0.4820 
   6   C4*       -2.6100       -0.7010        0.3080 
   6   C5*       -2.5030       -1.9500       -0.5570 
   6    C2        1.7410        1.1720        0.3980 
   6    C6        1.0250       -1.0980       -0.0940 
   6    C5        2.2650       -1.5350       -0.3220 
   6    C4        3.3970       -0.5940       -0.1980 
   1   H2*       -0.9990        0.3960       -1.6600 
   1   H3*       -3.4240        0.4670       -1.3870 
   1   H1*       -0.6900        1.3960        1.2190 
   1   H4*       -3.3920       -0.8360        1.0640 
   1  H5*1       -1.6680       -1.9070       -1.2610 
   1  H5*2       -3.4270       -2.0950       -1.1260 
   1    H7       -0.2950        2.5390       -1.2000 
   1    H8       -2.9270        1.5810        1.1930 
   1    H6        0.2130       -1.8040       -0.1870 
   1   H5*       -2.2680       -3.8570       -0.2850 
   1    H3        3.7920        1.3720        0.2500 
   1    H5        2.4710       -2.5630       -0.5940 

