Run semi-empirical minimization
 &qmmm
    qm_theory='AM1', grms_tol=0.0005,
 scfconv=1.d-10, ndiis_attempts=700,   qmcharge=0,
 /
   8     O       -2.3030       -1.9540       -0.2040 
   8   OXT       -3.4440       -0.5310        1.1470 
   7     N       -2.8920        1.6020       -0.3340 
   7    NE        1.9640       -0.2360        0.0500 
   7   NH1        3.9180       -1.4170       -0.3500 
   7   NH2        4.1370        0.7630        0.2810 
   6    CB       -0.7700        0.4930       -0.8700 
   6    CG       -0.1710        0.8750        0.4920 
   6    CA       -2.2990        0.3560       -0.8130 
   6    CD        1.3450        1.0330        0.4370 
   6     C       -2.7460       -0.7210        0.1590 
   6    CZ        3.2600       -0.2630        0.0060 
   1   HB1       -0.3370       -0.4540       -1.2150 
   1   HB2       -0.4990        1.2540       -1.6130 
   1   HG1       -0.5950        1.8210        0.8470 
   1   HG2       -0.4190        0.1090        1.2370 
   1    HA       -2.7020        0.1200       -1.8040 
   1   HD1        1.6010        1.8200       -0.2820 
   1   HD2        1.6950        1.3400        1.4300 
   1    H1       -3.9080        1.5420       -0.3880 
   1    H2       -2.6210        2.3690       -0.9490 
   1     H       -2.6030       -2.6480        0.4210 
   1  HH11        3.4060       -2.2610       -0.5820 
   1  HH12        4.9310       -1.4590       -0.3900 
   1  HH21        5.1390        0.6250        0.2130 
   1  HH22        3.8210        1.6860        0.5560 

