Run semi-empirical minimization
 &qmmm
    qm_theory='AM1', grms_tol=0.0005,
 scfconv=1.d-10, ndiis_attempts=700,   qmcharge=0,
 /
   8     O        8.4150       -0.1500        0.4020 
   6     C       -0.2770        0.5410       -0.2400 
   6    C1        0.4460       -0.7300        0.2480 
   6    C2        1.8960       -0.8270       -0.2390 
   6    C3        2.6890        0.4240        0.2390 
   6    C4       -1.6770        0.2790        0.3660 
   6    C5        0.4640        1.7490        0.3510 
   6    C6        4.1850        0.3910       -0.2720 
   6    C7       -0.5230       -1.8550       -0.1010 
   6    C8        1.9470        1.7560       -0.0600 
   6    C9       -1.9150       -1.2260        0.0990 
   6   C10        2.5610       -2.1070        0.2870 
   6   C11       -0.3510        0.6720       -1.7820 
   6   C12        4.7930       -1.0070       -0.0880 
   6   C13       -2.8130        1.1570       -0.1380 
   6   C14        5.0080        1.4180        0.5610 
   6   C15        4.0520       -2.0980        0.1730 
   6   C16        4.2760        0.7570       -1.7730 
   6   C17        6.2950       -1.1270       -0.2050 
   6   C18        6.5210        1.3120        0.3750 
   6   C19        7.0160       -0.1000        0.6650 
   6   C20       -2.5260        2.6330        0.1470 
   6   C21       -4.1170        0.7500        0.5050 
   6   C22       -5.1830        0.3110       -0.1810 
   6   C23       -6.4930       -0.0910        0.4650 
   6   C24       -6.8480       -1.5890        0.2290 
   6   C25       -7.5880        0.8920       -0.0060 
   6   C26       -5.8230       -2.5750        0.8000 
   6   C27       -7.0750       -1.8890       -1.2600 
   6   C28       -7.3550        2.3300        0.4340 
   1     H        0.4890       -0.6980        1.3500 
   1    H1        1.9090       -0.8730       -1.3330 
   1    H2        2.7250        0.3530        1.3380 
   1    H3       -1.6050        0.4010        1.4590 
   1    H4        0.4030        1.7340        1.4470 
   1    H5        0.0440        2.7020        0.0270 
   1    H6       -0.3850       -2.7290        0.5430 
   1    H7       -0.3990       -2.1840       -1.1390 
   1    H8        2.0060        1.9980       -1.1250 
   1    H9        2.4400        2.5790        0.4690 
   1   H10       -2.5250       -1.4010       -0.7950 
   1   H11       -2.4300       -1.6920        0.9460 
   1   H12        2.1720       -2.9680       -0.2700 
   1   H13        2.3060       -2.2710        1.3420 
   1   H14        0.6340        0.6360       -2.2550 
   1   H15       -0.9460       -0.1250       -2.2400 
   1   H16       -0.8000        1.6250       -2.0800 
   1   H17       -2.9220        1.0450       -1.2240 
   1   H18        4.7910        1.2820        1.6300 
   1   H19        4.7040        2.4420        0.3130 
   1   H20        4.5420       -3.0580        0.3150 
   1   H21        5.2900        0.6420       -2.1690 
   1   H22        3.6240        0.1270       -2.3860 
   1   H23        3.9990        1.8010       -1.9510 
   1   H24        6.6450       -2.1300        0.0730 
   1   H25        6.5920       -1.0070       -1.2550 
   1   H26        6.8050        1.6160       -0.6400 
   1   H27        7.0270        2.0210        1.0420 
   1   H28        6.8700       -0.3370        1.7250 
   1   H29       -1.8620        3.0660       -0.6040 
   1   H30       -3.4500        3.2230        0.0900 
   1   H31       -2.1090        2.7900        1.1470 
   1   H32       -4.1760        0.8230        1.5890 
   1   H33       -5.1220        0.2520       -1.2650 
   1   H34        8.5520        0.0500       -0.5400 
   1   H35       -6.4010        0.0320        1.5540 
   1   H36       -7.7970       -1.7810        0.7470 
   1   H37       -7.6820        0.8800       -1.0980 
   1   H38       -8.5540        0.5630        0.3970 
   1   H39       -5.6410       -2.3720        1.8600 
   1   H40       -4.8670       -2.5150        0.2710 
   1   H41       -6.1880       -3.6040        0.7140 
   1   H42       -6.1680       -1.7400       -1.8550 
   1   H43       -7.8730       -1.2730       -1.6820 
   1   H44       -7.3800       -2.9330       -1.3900 
   1   H45       -7.2340        2.3950        1.5200 
   1   H46       -6.4690        2.7620       -0.0400 
   1   H47       -8.2130        2.9510        0.1530 

