Run semi-empirical minimization
 &qmmm
    qm_theory='AM1', grms_tol=0.0005,
 scfconv=1.d-10, ndiis_attempts=700,   qmcharge=0,
 /
   8     O        1.4760       -0.8150        1.7280 
   8   OXT        2.5600       -1.9470        0.0880 
   7   NE1       -1.6470        2.0040        0.5480 
   7     N        3.8760        0.3650       -0.5830 
   6    CG        0.1470        1.1320       -0.4240 
   6    CB        1.5060        0.9850       -0.9830 
   6   CD2       -0.8670        0.1350       -0.3860 
   6    CA        2.5600        0.4880        0.0400 
   6   CE2       -1.9820        0.7080        0.2290 
   6   CD1       -0.3620        2.2700        0.1580 
   6   CE3       -0.9430       -1.2040       -0.8170 
   6   CZ2       -3.1750        0.0050        0.4350 
   6     C        2.2080       -0.8850        0.5860 
   6   CZ3       -2.1300       -1.9190       -0.6180 
   6   CH2       -3.2270       -1.3220       -0.0010 
   1   HB1        1.4720        0.2940       -1.8370 
   1   HB2        1.8350        1.9500       -1.3930 
   1    HA        2.6390        1.1900        0.8790 
   1   HD1        0.0720        3.2450        0.3300 
   1   HE1       -2.2620        2.6640        1.0050 
   1   HE3       -0.1000       -1.6860       -1.3040 
   1   HZ2       -4.0300        0.4700        0.9140 
   1   HZ3       -2.1950       -2.9520       -0.9490 
   1    H1        4.5720        0.1350        0.1260 
   1    H2        4.1550        1.2660       -0.9720 
   1   HH2       -4.1390       -1.8950        0.1430 
   1     H        1.2620       -1.7060        2.0800 

