Run semi-empirical minimization
 &qmmm
    qm_theory='AM1', grms_tol=0.0005,
 scfconv=1.d-10, ndiis_attempts=700,   qmcharge=0,
 /
   8     O        5.0610        1.1500        0.2670 
   8    O1       -5.8570        0.1480        0.4390 
   6     C        2.6640        0.5840        0.1480 
   6    C1        1.9840       -0.6950       -0.3790 
   6    C2        0.5150       -0.7800        0.0350 
   6    C3       -0.2460        0.4360       -0.5750 
   6    C4        4.0950        0.3350       -0.3670 
   6    C5        1.9550        1.7930       -0.4750 
   6    C6        2.9440       -1.8060        0.0380 
   6    C7        0.4400        1.7760       -0.1950 
   6    C8        4.3370       -1.1610       -0.0880 
   6    C9       -0.1540       -2.0730       -0.4350 
   6   C10        2.6650        0.7310        1.6910 
   6   C11       -1.7400        0.3640       -0.2670 
   6   C12       -1.5690       -2.1590        0.1310 
   6   C13       -2.3530       -0.8740        0.0220 
   6   C14       -2.5550        1.5060       -0.3510 
   6   C15       -3.7370       -0.9300        0.2690 
   6   C16       -3.9290        1.4360       -0.1120 
   6   C17       -4.5200        0.2190        0.2030 
   1     H        2.0040       -0.6750       -1.4820 
   1    H1        0.4400       -0.7500        1.1300 
   1    H2       -0.1780        0.3540       -1.6710 
   1    H3        4.1530        0.5200       -1.4470 
   1    H4        2.1050        1.7940       -1.5630 
   1    H5        2.3880        2.7300       -0.1050 
   1    H6        2.8550       -2.6880       -0.6040 
   1    H7        2.7630       -2.1270        1.0700 
   1    H8        0.2520        2.0030        0.8610 
   1    H9        0.0010        2.6010       -0.7670 
   1   H10        4.9230       -1.3210        0.8240 
   1   H11        4.9010       -1.6100       -0.9120 
   1   H12        0.4100       -2.9540       -0.1110 
   1   H13       -0.1890       -2.1010       -1.5320 
   1   H14        3.1680        1.6590        1.9900 
   1   H15        1.6580        0.7700        2.1140 
   1   H16        3.1880       -0.0910        2.1900 
   1   H17       -1.5120       -2.4290        1.1930 
   1   H18       -2.1030       -2.9660       -0.3850 
   1   H19        5.9360        0.8680       -0.0520 
   1   H20       -2.1400        2.4750       -0.6120 
   1   H21       -4.2040       -1.8810        0.5140 
   1   H22       -4.5260        2.3420       -0.1800 
   1   H23       -6.2410        1.0380        0.3490 

