Run semi-empirical minimization
 &qmmm
    qm_theory='AM1', grms_tol=0.0005,
 scfconv=1.d-10, ndiis_attempts=700,   qmcharge=0,
 /
   8     O       -2.0920        0.5090        1.6550 
   8    O1       -0.1540       -0.7320       -1.8410 
   8    O2       -0.1590        1.4170        2.4380 
   8    O3        0.6110        3.4380        0.3800 
   6     C        1.4230        0.7210        0.2670 
   6    C1       -0.0390        0.3680        0.3040 
   6    C2        1.7170        1.6960       -0.8900 
   6    C3        2.2870       -0.5300        0.2140 
   6    C4       -0.7120       -0.2900       -0.6590 
   6    C5       -2.1380       -0.5910       -0.5110 
   6    C6       -0.7420        0.8100        1.5440 
   6    C7        1.2340        3.1170       -0.6310 
   6    C8        2.6370       -1.1870        1.3940 
   6    C9        2.7290       -1.0200       -1.0150 
   6   C10       -2.7880       -0.1810        0.6480 
   6   C11       -2.8890       -1.2750       -1.4770 
   6   C12        3.4290       -2.3340        1.3450 
   6   C13        3.5220       -2.1670       -1.0630 
   6   C14       -4.1430       -0.4280        0.8690 
   6   C15        1.5200        4.1230       -1.7160 
   6   C16        3.8720       -2.8240        0.1170 
   6   C17       -4.2490       -1.5310       -1.2710 
   6   C18       -4.8750       -1.1080       -0.1000 
   1     H        1.7360        1.2440        1.1790 
   1    H1        1.2790        1.3750       -1.8410 
   1    H2        2.8020        1.7790       -1.0340 
   1    H3        2.2980       -0.8160        2.3570 
   1    H4        2.4820       -0.5410       -1.9560 
   1    H5       -2.4480       -1.6400       -2.4000 
   1    H6        3.7020       -2.8450        2.2640 
   1    H7        3.8660       -2.5500       -2.0200 
   1    H8       -4.6270       -0.0970        1.7830 
   1    H9        2.5960        4.1710       -1.8980 
   1   H10        1.1730        5.1120       -1.4030 
   1   H11        0.9950        3.8340       -2.6300 
   1   H12        4.4890       -3.7170        0.0790 
   1   H13       -4.8190       -2.0650       -2.0270 
   1   H14       -0.7720       -0.5520       -2.5680 
   1   H15       -5.9310       -1.3100        0.0560 

