Run semi-empirical minimization
 &qmmm
    qm_theory='AM1', grms_tol=0.0005,
 scfconv=1.d-10, ndiis_attempts=700,   qmcharge=0,
 /
   8     O       -6.4760        1.4140        0.0130 
   6     C        1.1120        0.6200        0.4370 
   6    C1        0.4650       -0.7500        0.0350 
   6    C2        2.6220        0.2890        0.3460 
   6    C3       -3.2560        0.5860       -0.0940 
   6    C4       -1.0510       -0.6690        0.1720 
   6    C5       -3.9080       -0.8410       -0.1060 
   6    C6       -1.7030        0.4780       -0.1540 
   6    C7        1.2730       -1.7080        0.9360 
   6    C8        0.6110        1.6900       -0.5330 
   6    C9        2.7100       -1.1410        0.9310 
   6   C10       -0.9310        1.7540       -0.5430 
   6   C11       -5.4890       -0.8810       -0.0730 
   6   C12       -1.7550       -1.9270        0.6160 
   6   C13       -3.2390       -1.7560        0.9270 
   6   C14       -3.8100        1.3710       -1.3230 
   6   C15        3.5830        1.2610        1.0200 
   6   C16        0.7640        1.0750        1.8910 
   6   C17        0.7110       -1.1970       -1.4400 
   6   C18       -6.1050        0.3340       -0.8390 
   6   C19       -5.1500        0.8830       -1.8910 
   6   C20       -3.5520        1.3660        1.2110 
   6   C21       -5.9310       -2.1650       -0.8340 
   6   C22       -6.0740       -1.0090        1.3490 
   6   C23        5.0600        0.8430        0.8560 
   6   C24        3.3870        2.6680        0.4430 
   6   C25        5.5700        0.7900       -0.5910 
   6   C26        7.0280        0.4350       -0.6800 
   6   C27        7.5920       -0.7880       -0.6880 
   6   C28        9.0870       -0.9340       -0.7910 
   6   C29        6.8510       -2.0920       -0.6000 
   1     H        2.8870        0.2400       -0.7160 
   1    H1       -3.6280       -1.2670       -1.0850 
   1    H2        1.2570       -2.7450        0.5830 
   1    H3        0.8880       -1.7170        1.9620 
   1    H4        0.9720        1.4930       -1.5500 
   1    H5        0.9620        2.6950       -0.2940 
   1    H6        3.1100       -1.1560        1.9510 
   1    H7        3.3660       -1.7620        0.3110 
   1    H8       -1.2300        2.0900       -1.5400 
   1    H9       -1.2240        2.5510        0.1510 
   1   H10       -1.6430       -2.6820       -0.1720 
   1   H11       -1.2790       -2.3350        1.5140 
   1   H12       -3.7000       -2.7500        0.9350 
   1   H13       -3.3560       -1.3530        1.9390 
   1   H14       -3.1060        1.3190       -2.1630 
   1   H15       -3.8970        2.4370       -1.0750 
   1   H16        3.3950        1.3050        2.0990 
   1   H17       -0.3110        1.0670        2.0930 
   1   H18        1.2230        0.4350        2.6510 
   1   H19        1.0990        2.0970        2.0900 
   1   H20        0.2390       -0.5270       -2.1670 
   1   H21        1.7710       -1.2670       -1.7000 
   1   H22        0.2890       -2.1950       -1.6140 
   1   H23       -7.0320        0.0210       -1.3340 
   1   H24       -5.6170        1.7180       -2.4280 
   1   H25       -4.9570        0.1070       -2.6420 
   1   H26       -3.1360        2.3790        1.1810 
   1   H27       -4.6140        1.4950        1.4050 
   1   H28       -3.1190        0.8740        2.0890 
   1   H29       -7.0230       -2.2630       -0.8400 
   1   H30       -5.5280       -3.0720       -0.3710 
   1   H31       -5.5990       -2.1500       -1.8780 
   1   H32       -7.1690       -0.9700        1.3210 
   1   H33       -5.7360       -0.2140        2.0170 
   1   H34       -5.8040       -1.9630        1.8170 
   1   H35        5.2160       -0.1330        1.3320 
   1   H36        5.6840        1.5460        1.4240 
   1   H37        3.2690        2.6660       -0.6450 
   1   H38        2.5450        3.1860        0.9040 
   1   H39        4.2580        3.2970        0.6690 
   1   H40       -6.8860        2.1010       -0.5390 
   1   H41        5.4350        1.7600       -1.0830 
   1   H42        4.9930        0.0720       -1.1820 
   1   H43        7.6890        1.3000       -0.7350 
   1   H44        9.5980        0.0320       -0.8560 
   1   H45        9.4790       -1.4580        0.0870 
   1   H46        9.3510       -1.5090       -1.6850 
   1   H47        7.1880       -2.6600        0.2730 
   1   H48        5.7700       -1.9610       -0.5080 
   1   H49        7.0360       -2.6930       -1.4970 

