Run semi-empirical minimization
 &qmmm
    qm_theory='AM1', grms_tol=0.0005,
 scfconv=1.d-10, ndiis_attempts=700,   qmcharge=0,
 /
  16     S        4.7680       -1.6190       -0.0540 
   9     F       -5.4770       -1.1410        0.0590 
   9    F1       -4.4400       -2.7200       -1.0180 
   9    F2       -4.3910       -2.6770        1.1610 
   8     O        5.0700       -2.5060       -1.1690 
   8    O1        5.4590       -0.3430        0.0640 
   7     N       -1.0640       -0.6090        0.0010 
   7    N1       -1.9150       -1.6490        0.0230 
   7    N2        4.9610       -2.4850        1.4070 
   6     C       -1.6790        0.6100       -0.0070 
   6    C1        0.3120       -0.8480       -0.0120 
   6    C2       -0.9890        1.8760       -0.0300 
   6    C3       -3.0280        0.3450        0.0110 
   6    C4       -3.1130       -1.0600        0.0290 
   6    C5        1.1710        0.0740        0.5710 
   6    C6        0.8000       -2.0020       -0.6080 
   6    C7        3.0470       -1.3210       -0.0380 
   6    C8       -0.6420        2.5030        1.1670 
   6    C9       -0.6680        2.4740       -1.2490 
   6   C10        2.5460       -0.1640        0.5580 
   6   C11        2.1750       -2.2400       -0.6210 
   6   C12        0.3460        4.3250       -0.0740 
   6   C13        0.0260        3.7280        1.1450 
   6   C14       -0.0010        3.6990       -1.2710 
   6   C15       -4.3330       -1.8840        0.0540 
   6   C16        1.0590        5.6350       -0.0990 
   1     H       -3.8340        1.0660        0.0120 
   1    H1        0.8820        0.8830        1.2090 
   1    H2        0.1470       -2.7320       -1.0800 
   1    H3       -0.9000        2.0620        2.1270 
   1    H4       -0.9310        1.9980       -2.1910 
   1    H5        3.2050        0.5410        1.0570 
   1    H6        2.5430       -3.1490       -1.0870 
   1    H7        0.2890        4.2070        2.0840 
   1    H8        0.2450        4.1530       -2.2270 
   1    H9        0.7760        6.2220       -0.9790 
   1   H10        0.8100        6.2380        0.7810 
   1   H11        2.1410        5.4730       -0.1180 
   1   H12        5.1720       -3.4880        1.3420 
   1   H13        5.4360       -2.0090        2.1830 

