Run semi-empirical minimization
 &qmmm
    qm_theory='AM1', grms_tol=0.0005,
 scfconv=1.d-10, ndiis_attempts=700,   qmcharge=0,
 /
   8    OG        1.9160        1.0310       -0.2060 
   8     O       -0.9150        1.4730        0.6930 
   8   OXT       -1.6880        0.0440       -0.8960 
   7     N       -0.1780       -1.9610        0.3150 
   6    CA        0.2500       -0.5720        0.4670 
   6    CB        1.5040       -0.3230       -0.3650 
   6     C       -0.8900        0.3090       -0.0070 
   1    HA        0.4350       -0.3710        1.5280 
   1   HB1        2.3290       -0.9740       -0.0560 
   1   HB2        1.3200       -0.4860       -1.4330 
   1    H1       -0.3830       -2.1610       -0.6640 
   1    H2       -1.0420       -2.1180        0.8320 
   1     H        2.1020        1.1710        0.7380 
   1    H3       -1.6430        2.0610        0.3990 

