Run semi-empirical minimization
 &qmmm
    qm_theory='AM1', grms_tol=0.0005,
 scfconv=1.d-10, ndiis_attempts=700,   qmcharge=0,
 /
   8     O        3.8510        0.4520        0.0010 
   8    O1       -2.6000        1.4040       -0.0020 
   7     N       -1.5710       -0.7170        0.0000 
   6     C       -0.2070       -0.4230       -0.0000 
   6    C1        0.2210        0.9050        0.0000 
   6    C2        0.7300       -1.4570       -0.0010 
   6    C3        1.5840        1.1990        0.0000 
   6    C4        2.0930       -1.1630       -0.0010 
   6    C5        2.5200        0.1650       -0.0000 
   6    C6       -2.6480        0.1780        0.0010 
   6    C7       -3.9740       -0.5420        0.0010 
   1     H       -0.4440        1.7580        0.0010 
   1    H1        0.4110       -2.4960       -0.0010 
   1    H2       -1.8010       -1.7090        0.0000 
   1    H3        1.9050        2.2370        0.0010 
   1    H4        2.8180       -1.9730       -0.0010 
   1    H5       -4.0660       -1.1460       -0.9060 
   1    H6       -4.7900        0.1840        0.0290 
   1    H7       -4.0450       -1.1890        0.8800 
   1    H8        3.9650        1.4180        0.0020 

