Run semi-empirical minimization
 &qmmm
    qm_theory='AM1', grms_tol=0.0005,
 scfconv=1.d-10, ndiis_attempts=700,   qmcharge=0,
 /
   8   O4*        2.0000       -0.5200       -0.9520 
   8   O2*        1.2080        2.2650        1.1770 
   8   O3*        3.4010        2.1350       -0.4230 
   8   O5*        3.7890       -2.6030       -0.3840 
   7    N9       -0.2130       -0.2590       -0.1380 
   7    N7       -1.6400       -1.8910        0.3910 
   7    N3       -1.7850        1.5470       -0.5510 
   7    N1       -4.0890        0.8120       -0.2210 
   7    N6       -4.6440       -1.4230        0.4290 
   6   C2*        1.7170        0.9880        0.8520 
   6   C1*        1.0580        0.4150       -0.3940 
   6   C3*        3.1740        1.0170        0.4350 
   6   C4*        3.3040       -0.2640       -0.3830 
   6   C5*        3.7050       -1.4670        0.4590 
   6    C4       -1.4640        0.2870       -0.2200 
   6    C8       -0.3730       -1.5690        0.2320 
   6    C5       -2.3330       -0.7400        0.1120 
   6    C6       -3.6920       -0.4420        0.1040 
   6    C2       -3.1250        1.7150       -0.5240 
   1   H2*        1.5810        0.3260        1.7150 
   1   H1*        0.8620        1.1830       -1.1520 
   1   H3*        3.8660        1.0960        1.2780 
   1   H4*        3.9970       -0.1520       -1.2250 
   1  H5*1        2.9710       -1.6860        1.2400 
   1  H5*2        4.6820       -1.3130        0.9270 
   1    H7        1.3810        2.8580        0.4260 
   1    H9        4.3300        2.0980       -0.7090 
   1    H8        0.4630       -2.2410        0.3770 
   1   H5*        2.9170       -2.7280       -0.7950 
   1    H2       -3.4790        2.7080       -0.7800 
   1   H61       -4.3500       -2.3600        0.6730 
   1   H62       -5.6250       -1.1820        0.4170 

