Run semi-empirical minimization
 &qmmm
    qm_theory='AM1', grms_tol=0.0005,
 scfconv=1.d-10, ndiis_attempts=700,   qmcharge=0,
 /
   8     O        0.3580        1.4560        0.6930 
   8    O1        2.7840        2.1030        1.9560 
   7     N        3.0010       -0.4290       -0.7360 
   6     C        2.7510        1.6410        0.6030 
   6    C1        2.9580        0.1240        0.6110 
   6    C2        3.2560       -1.8630       -0.7020 
   6    C3        1.4260        2.0650       -0.0260 
   6    C4        3.2870       -2.4290       -2.1190 
   6    C5        2.1840       -2.5500        0.1390 
   6    C6       -0.7850        1.1880       -0.0060 
   6    C7       -1.6140        0.1070        0.3360 
   6    C8       -2.7870       -0.1300       -0.4190 
   6    C9       -1.1080        2.0230       -1.0760 
   6   C10       -1.3040       -0.7440        1.4090 
   6   C11       -3.0970        0.7210       -1.4930 
   6   C12       -2.2620        1.7900       -1.8180 
   6   C13       -3.6160       -1.2110       -0.0780 
   6   C14       -2.1390       -1.8130        1.7340 
   6   C15       -3.2930       -2.0460        0.9910 
   1     H        3.5800        2.1250        0.0740 
   1    H1        2.1550       -0.3050        1.2180 
   1    H2        3.8940       -0.0930        1.1430 
   1    H3        4.2370       -2.0560       -0.2490 
   1    H4        3.7260        0.0380       -1.2800 
   1    H5        1.4380        1.7760       -1.0850 
   1    H6        1.3150        3.1530        0.0540 
   1    H7        3.5020       -3.5030       -2.1040 
   1    H8        2.3270       -2.2850       -2.6280 
   1    H9        4.0650       -1.9440       -2.7190 
   1   H10        2.3200       -2.3860        1.2130 
   1   H11        2.2290       -3.6360       -0.0050 
   1   H12        1.1740       -2.2320       -0.1450 
   1   H13        2.6880        3.0700        1.9380 
   1   H14       -0.5120        2.8890       -1.3480 
   1   H15       -0.4100       -0.5900        2.0090 
   1   H16       -3.9950        0.5580       -2.0860 
   1   H17       -2.5180        2.4450       -2.6460 
   1   H18       -4.5230       -1.4130       -0.6450 
   1   H19       -1.8880       -2.4640        2.5660 
   1   H20       -3.9430       -2.8790        1.2450 

