Run semi-empirical minimization
 &qmmm
    qm_theory='AM1', grms_tol=0.0005,
 scfconv=1.d-10, ndiis_attempts=700,   qmcharge=0,
 /
   8     O       -1.4680        0.4390       -0.9180 
   8    O1       -0.6030       -0.8920        0.8120 
   8    O2        0.9280        0.4830       -0.3050 
   8    O3       -3.0700       -2.0050        1.1930 
   8    O4       -4.6200        0.6320        0.7330 
   8    O5        1.2230        0.2160        2.5660 
   8    O6        3.6110       -1.7290        0.6380 
   8    O7        3.1500        1.8350        1.1540 
   8    O8       -1.9580       -1.8480       -2.4300 
   8    O9       -1.3850        3.2450       -0.8930 
   8   O10        3.8370        0.2060       -2.5040 
   6     C       -1.4950       -0.8630       -0.3040 
   6    C1       -2.9300       -1.0230        0.1870 
   6    C2       -3.2290        0.3740        0.6890 
   6    C3       -2.5500        1.2240       -0.3790 
   6    C4        0.7530       -0.7450        0.3970 
   6    C5        1.6460       -0.7850        1.6390 
   6    C6        3.1150       -0.5550        1.2750 
   6    C7        3.2920        0.6580        0.3520 
   6    C8        2.2580        0.7200       -0.7860 
   6    C9       -1.0900       -1.9270       -1.3120 
   6   C10       -2.0030        2.5320        0.1650 
   6   C11        2.5890       -0.1900       -1.9670 
   1     H       -3.6220       -1.2730       -0.6270 
   1    H1       -2.8150        0.5300        1.6920 
   1    H2       -3.2290        1.4360       -1.2150 
   1    H3        1.0590       -1.5990       -0.2110 
   1    H4        1.5260       -1.7530        2.1410 
   1    H5        3.6910       -0.4030        2.1960 
   1    H6        4.3100        0.6750       -0.0510 
   1    H7        2.2440        1.7500       -1.1640 
   1    H8       -1.1310       -2.9320       -0.8800 
   1    H9       -0.1000       -1.7690       -1.7400 
   1   H10       -1.2450        2.3610        0.9370 
   1   H11       -2.7990        3.1540        0.5840 
   1   H12        1.8210       -0.1130       -2.7440 
   1   H13        2.6530       -1.2450       -1.6890 
   1   H14       -3.9800       -1.9480        1.5320 
   1   H15       -4.7360        1.5660        0.9750 
   1   H16        0.2790        0.0670        2.7430 
   1   H17        4.5490       -1.5770        0.4330 
   1   H18        3.3430        2.6010        0.5870 
   1   H19       -1.6960       -2.5510       -3.0490 
   1   H20       -0.6790        2.6810       -1.2540 
   1   H21        3.7490        1.1230       -2.8130 

