Run semi-empirical minimization
 &qmmm
    qm_theory='AM1', grms_tol=0.0005,
 scfconv=1.d-10, ndiis_attempts=700,   qmcharge=0,
 /
   8     O        7.5890       -1.2920       -0.6310 
   6     C       -0.8020        0.7120        0.6300 
   6    C1       -0.1270        0.7320       -0.7560 
   6    C2       -2.2880        0.7610        0.1990 
   6    C3        1.9480       -0.4420        0.1900 
   6    C4       -0.3950       -0.5990        1.3230 
   6    C5       -0.8630        1.8560       -1.4910 
   6    C6        1.3760        0.6820       -0.6810 
   6    C7       -2.3050        1.7800       -0.9620 
   6    C8        3.5180       -0.3320        0.4560 
   6    C9        1.1290       -0.6860        1.4940 
   6   C10       -3.2990        1.0870        1.2890 
   6   C11       -0.4250        1.9300        1.5090 
   6   C12        4.2450        0.3970       -0.6820 
   6   C13        4.0710       -1.7810        0.6010 
   6   C14        2.1760        1.4490       -1.4360 
   6   C15        3.8290        0.4680        1.7460 
   6   C16       -4.7540        1.0880        0.7750 
   6   C17        3.5930        1.2180       -1.5210 
   6   C18        5.7410        0.2220       -0.7940 
   6   C19        5.5950       -1.8760        0.5880 
   6   C20       -3.1710        0.0820        2.4410 
   6   C21        6.1670       -1.2380       -0.6750 
   6   C22       -5.2370       -0.2130        0.1210 
   6   C23       -6.6620       -0.1250       -0.4350 
   6   C24       -7.1730       -1.4530       -1.0270 
   6   C25       -7.1360       -2.5990       -0.0160 
   6   C26       -6.3390       -1.8250       -2.2560 
   1     H       -0.4050       -0.1960       -1.2860 
   1    H1       -2.5260       -0.2240       -0.2280 
   1    H2        1.7840       -1.3420       -0.4250 
   1    H3       -0.7360       -1.4640        0.7390 
   1    H4       -0.8160       -0.7110        2.3210 
   1    H5       -0.8290        1.7230       -2.5780 
   1    H6       -0.4340        2.8400       -1.2650 
   1    H7       -2.6290        2.7750       -0.6370 
   1    H8       -2.9920        1.4530       -1.7510 
   1    H9        1.4050        0.0360        2.2680 
   1   H10        1.3810       -1.6750        1.8970 
   1   H11       -3.1130        2.0890        1.6950 
   1   H12        0.6580        2.0730        1.5760 
   1   H13       -0.8360        2.8670        1.1180 
   1   H14       -0.7930        1.8190        2.5330 
   1   H15        3.6960       -2.4020       -0.2230 
   1   H16        3.6970       -2.2380        1.5250 
   1   H17        1.7750        2.2080       -2.0990 
   1   H18        4.8980        0.6760        1.8630 
   1   H19        3.3130        1.4350        1.7480 
   1   H20        3.5310       -0.0820        2.6460 
   1   H21       -5.4260        1.3350        1.6070 
   1   H22       -4.8720        1.9050        0.0520 
   1   H23        4.1230        1.7510       -2.3040 
   1   H24        6.1210        0.6240       -1.7420 
   1   H25        6.2360        0.8150       -0.0150 
   1   H26        6.0230       -1.4050        1.4810 
   1   H27        5.9000       -2.9290        0.6390 
   1   H28       -3.0690       -0.9500        2.0900 
   1   H29       -4.0670        0.1130        3.0740 
   1   H30       -2.3500        0.3370        3.1130 
   1   H31        5.8380       -1.7940       -1.5610 
   1   H32       -4.5640       -0.4750       -0.6990 
   1   H33       -5.1750       -1.0130        0.8650 
   1   H34       -6.7100        0.6620       -1.1980 
   1   H35       -7.3400        0.1820        0.3720 
   1   H36        7.8440       -2.2280       -0.5600 
   1   H37       -8.2110       -1.3000       -1.3450 
   1   H38       -6.1160       -2.9110        0.2270 
   1   H39       -7.6530       -3.4760       -0.4220 
   1   H40       -7.6430       -2.3160        0.9120 
   1   H41       -5.3150       -2.1120       -1.9970 
   1   H42       -6.7920       -2.6790       -2.7720 
   1   H43       -6.2960       -0.9960       -2.9700 

