Run semi-empirical minimization
 &qmmm
    qm_theory='AM1', grms_tol=0.0005,
 scfconv=1.d-10, ndiis_attempts=700,   qmcharge=0,
 /
   8     O        0.1920        2.6660       -0.0000 
   7     N       -2.0710        0.6590        0.0010 
   7    N1        1.5740        0.8030        0.0000 
   7    N2        0.7570       -1.4540       -0.0000 
   7    N3       -1.7190       -1.5430       -0.0010 
   7    N4        3.0550       -1.0100        0.0010 
   6     C       -0.7180        0.4880       -0.0000 
   6    C1       -0.5240       -0.8730       -0.0000 
   6    C2        0.3380        1.4490       -0.0000 
   6    C3        1.7480       -0.5920        0.0000 
   6    C4       -2.6310       -0.5930        0.0010 
   1     H       -2.5710        1.5390        0.0010 
   1    H1        2.4080        1.3830        0.0000 
   1    H2       -3.7010       -0.7390        0.0010 
   1    H3        3.2910       -1.9960        0.0010 
   1    H4        3.8220       -0.3470        0.0010 

