Run semi-empirical minimization
 &qmmm
    qm_theory='AM1', grms_tol=0.0005,
 scfconv=1.d-10, ndiis_attempts=700,   qmcharge=0,
 /
  17    Cl        1.9540        1.1500       -2.5080 
  17   Cl1        1.1380       -1.6390        2.1140 
   8     O       -3.2620       -2.9280       -1.0650 
   8    O1       -2.7910       -1.9110        0.9090 
   7     N        0.2680       -0.2050       -0.3990 
   6     C       -2.0640        0.5140       -0.3770 
   6    C1       -0.7310        0.7180       -0.0190 
   6    C2       -2.4760       -0.6830       -1.1700 
   6    C3        1.6570       -0.2480       -0.1790 
   6    C4       -3.0380        1.4350        0.0080 
   6    C5       -0.3730        1.8430        0.7230 
   6    C6       -2.6800        2.5600        0.7510 
   6    C7       -1.3470        2.7640        1.1080 
   6    C8        2.5350        0.3480       -1.0920 
   6    C9        2.1740       -0.8860        0.9530 
   6   C10       -2.8480       -1.8750       -0.3120 
   6   C11        3.9120        0.3060       -0.8740 
   6   C12        3.5510       -0.9280        1.1710 
   6   C13        4.4200       -0.3320        0.2580 
   1     H       -1.7090       -0.9790       -1.8930 
   1    H1       -3.3610       -0.4270       -1.7680 
   1    H2       -0.0860       -1.1150       -0.6780 
   1    H3       -4.0810        1.2880       -0.2600 
   1    H4        0.6570        2.0280        1.0170 
   1    H5       -3.4380        3.2770        1.0510 
   1    H6       -1.0680        3.6400        1.6870 
   1    H7        4.6040        0.7650       -1.5760 
   1    H8        3.9630       -1.4210        2.0480 
   1    H9        5.4920       -0.3650        0.4270 
   1   H10       -3.5020       -3.7010       -0.5100 

