Run semi-empirical minimization
 &qmmm
    qm_theory='AM1', grms_tol=0.0005,
 scfconv=1.d-10, ndiis_attempts=700,   qmcharge=0,
 /
   7     N       -1.5160       -0.3600       -0.0790 
   7    N1        0.7170        0.2150       -0.8190 
   7    N2       -0.6600        1.8740       -0.1620 
   7    N3        2.9010       -0.4480       -0.3360 
   7    N4        1.5200       -0.0300        1.4350 
   6     C       -1.2980       -1.7840       -0.3080 
   6    C1       -2.7800        0.0050        0.5510 
   6    C2       -0.5260        0.5930       -0.3450 
   6    C3        1.6420       -0.0660        0.0630 
   1     H       -0.6870       -1.9540       -1.2010 
   1    H1       -2.2430       -2.3140       -0.4670 
   1    H2       -0.7920       -2.2290        0.5540 
   1    H3       -3.4060       -0.8700        0.7570 
   1    H4       -3.3490        0.6740       -0.1020 
   1    H5       -2.5980        0.5080        1.5070 
   1    H6       -1.5950        2.0900        0.1920 
   1    H7        3.6260       -0.6690        0.3370 
   1    H8        3.1390       -0.5190       -1.3190 
   1    H9        0.6520        0.2310        1.8890 
   1   H10        2.3010       -0.2680        2.0370 

