Run semi-empirical minimization
 &qmmm
    qm_theory='AM1', grms_tol=0.0005,
 scfconv=1.d-10, ndiis_attempts=700,   qmcharge=0,
 /
   8     O       -2.6960       -2.2210       -0.0480 
   6     C        2.5170        0.1720        0.2000 
   6    C1        1.3240        0.0190       -0.7490 
   6    C2        3.8720        0.0140       -0.4930 
   6    C3       -0.0600        0.0840       -0.0960 
   6    C4        5.0210        0.0870        0.5140 
   6    C5       -1.2110       -0.0180       -1.1000 
   6    C6        6.3780       -0.0380       -0.1790 
   6    C7       -2.5510        0.1420       -0.4260 
   6    C8        7.5230        0.0680        0.8150 
   6    C9       -3.2220       -0.9690        0.0650 
   6   C10       -3.0910        1.4140       -0.3090 
   6   C11       -4.4600       -0.8040        0.6860 
   6   C12       -4.3290        1.5790        0.3120 
   6   C13       -5.0140        0.4700        0.8090 
   1     H        2.4660        1.1550        0.6840 
   1    H1        2.4300       -0.5770        0.9960 
   1    H2        1.4130       -0.9400       -1.2750 
   1    H3        1.3890        0.8000       -1.5180 
   1    H4        3.9060       -0.9490       -1.0180 
   1    H5        3.9880        0.7990       -1.2500 
   1    H6       -0.1410       -0.7180        0.6480 
   1    H7       -0.1400        1.0270        0.4600 
   1    H8        4.9120       -0.7130        1.2570 
   1    H9        4.9730        1.0400        1.0560 
   1   H10       -1.1000        0.7740       -1.8540 
   1   H11       -1.1560       -0.9490       -1.6760 
   1   H12        6.4410       -1.0000       -0.7020 
   1   H13        6.4840        0.7490       -0.9340 
   1   H14        7.4640       -0.7240        1.5670 
   1   H15        8.4830       -0.0250        0.2980 
   1   H16        7.5070        1.0340        1.3300 
   1   H17       -2.5670        2.2860       -0.6900 
   1   H18       -4.9980       -1.6630        1.0760 
   1   H19       -4.7600        2.5720        0.4090 
   1   H20       -5.9770        0.5990        1.2930 
   1   H21       -1.7430       -2.1820       -0.2240 

