              precision    recall  f1-score   support

          -1       1.00      0.33      0.50         3
           0       0.94      1.00      0.97        29
           1       0.00      0.00      0.00         1
           2       1.00      1.00      1.00         1
           3       1.00      1.00      1.00         2
           4       1.00      1.00      1.00         1
           8       1.00      1.00      1.00         8
           9       0.97      1.00      0.98        32
          10       0.00      0.00      0.00         1
          11       1.00      1.00      1.00         3
          15       0.75      1.00      0.86         3
          16       0.86      1.00      0.92         6
          17       1.00      0.80      0.89         5

    accuracy                           0.95        95
   macro avg       0.81      0.78      0.78        95
weighted avg       0.93      0.95      0.93        95
